items:
  Reactive Armor Hardener:
    ArmorEmDamageResonance: 0.8500000238418579
    ArmorExplosiveDamageResonance: 0.8500000238418579
    ArmorKineticDamageResonance: 0.8500000238418579
    ArmorThermalDamageResonance: 0.8500000238418579
    CapacitorNeed: 42.0
    Cpu: 24.0
    Duration: 10000.0
    HeatAbsorbtionRateModifier: 0.009999999776482582
    HeatDamage: 6.599999904632568
    Hp: 40.0
    MaxGroupActive: 1.0
    MaxGroupFitted: 1.0
    MetaLevel: 1.0
    OverloadSelfDurationBonus: -15.0
    Power: 1.0
    RequiredSkill1: 3394.0
    RequiredSkill1Level: 3.0
    RequiredThermoDynamicsSkill: 1.0
    ResistanceShiftAmount: 6.0
    TechLevel: 1.0
