types:
  670:
    agility: 2.0
    armoremdamageresonance: 0.4000000059604645
    armorexplosivedamageresonance: 0.8999999761581421
    armorhp: 156.0
    armorkineticdamageresonance: 0.75
    armorthermaldamageresonance: 0.6499999761581421
    armoruniformity: 0.75
    basewarpspeed: 1
    capacitorcapacity: 125.0
    cpuoutput: 1
    emdamageresonance: 0.6700000166893005
    energywarfareresistance: 1.0
    explosivedamageresonance: 0.6700000166893005
    gfxboosterid: 396
    heatcapacityhi: 100
    heatcapacitylow: 100
    heatcapacitymed: 100
    heatdissipationratehi: 0.009999999776482582
    heatdissipationratelow: 0.009999999776482582
    heatdissipationratemed: 0.009999999776482582
    heatgenerationmultiplier: 1.0
    hp: 150.0
    id: 670
    jumpfatiguemultiplier: 0.10000000149011612
    kineticdamageresonance: 0.6700000166893005
    mass: 32000.0
    maxpassengers: 1
    maxvelocity: 150.0
    name: Capsule
    packagedVolume: 500.0
    portionSize: 1
    poweroutput: 1
    powertospeed: 1
    propulsiongraphicid: 395
    published: true
    radius: 2.0
    rechargerate: 187500.0
    scanladarstrength: 3.0
    scanspeed: 2500
    shieldcapacity: 63.0
    shieldemdamageresonance: 1.0
    shieldexplosivedamageresonance: 0.5
    shieldkineticdamageresonance: 0.6000000238418579
    shieldrechargerate: 625000.0
    shieldthermaldamageresonance: 0.800000011920929
    shielduniformity: 0.75
    signatureradius: 25.0
    stasiswebifierresistance: 1.0
    structureuniformity: 1.0
    techlevel: 1
    thermaldamageresonance: 0.6700000166893005
    uniformity: 1.0
    volume: 1000.0
    warpcapacitorneed: 2.1645000742864795E-6
    warpspeedmultiplier: 3.0
    weapondisruptionresistance: 1.0
