types:
  2833:
    aurumconversionrate: 1000
    id: 2833
    marketGroup: 1427
    name: 1000 Aurum Token
    packagedVolume: 0.009999999776482582
    portionSize: 1
    published: true
    radius: 1.0
    volume: 0.009999999776482582
  32792:
    aurumconversionrate: 100
    id: 32792
    marketGroup: 1427
    name: 100 Aurum Token
    packagedVolume: 0.009999999776482582
    portionSize: 1
    published: true
    radius: 1.0
    volume: 0.009999999776482582
  32793:
    aurumconversionrate: 500
    id: 32793
    marketGroup: 1427
    name: 500 Aurum Token
    packagedVolume: 0.009999999776482582
    portionSize: 1
    published: true
    radius: 1.0
    volume: 0.009999999776482582
  44204:
    aurumconversionrate: 300
    id: 44204
    marketGroup: 1427
    name: 300 Aurum Token
    packagedVolume: 0.009999999776482582
    portionSize: 1
    published: true
    radius: 1.0
    volume: 0.009999999776482582
