items:
  Standup AXL-C Missile:
    Agility: 1000.0
    AimedLaunch: 1.0
    AoeCloudSize: 15000.0
    AoeDamageReductionFactor: 0.9440000057220459
    AoeFalloff: 1500.0
    AoeVelocity: 70.0
    DetonationRange: 35.0
    EmDamage: 20000.0
    ExplosionDelay: 140000.0
    ExplosiveDamage: 20000.0
    Hp: 4000000.0
    KineticDamage: 20000.0
    LauncherGroup: 1327.0
    MaxVelocity: 4000.0
    StructureItemVisualFlag: 1.0
    StructureUniformity: 0.75
    ThermalDamage: 20000.0
  Standup AXL-S Missile:
    Agility: 1000.0
    AimedLaunch: 1.0
    AoeCloudSize: 25000.0
    AoeDamageReductionFactor: 0.9440000057220459
    AoeFalloff: 1500.0
    AoeVelocity: 50.0
    DetonationRange: 35.0
    EmDamage: 30000.0
    ExplosionDelay: 140000.0
    ExplosiveDamage: 30000.0
    Hp: 4000000.0
    KineticDamage: 30000.0
    LauncherGroup: 1327.0
    MaxVelocity: 4000.0
    StructureItemVisualFlag: 1.0
    StructureUniformity: 0.75
    ThermalDamage: 30000.0
  Standup AXL-SR Missile:
    Agility: 1000.0
    AimedLaunch: 1.0
    AoeCloudSize: 20000.0
    AoeDamageReductionFactor: 0.9440000057220459
    AoeFalloff: 1500.0
    AoeVelocity: 70.0
    DetonationRange: 35.0
    EmDamage: 23000.0
    ExplosionDelay: 140000.0
    ExplosiveDamage: 23000.0
    Hp: 4000000.0
    KineticDamage: 23000.0
    MaxVelocity: 5000.0
    StructureItemVisualFlag: 1.0
    StructureUniformity: 0.75
    ThermalDamage: 23000.0
