items:
  Standup Ballistic Control System I:
    CanFitShipGroup01: 1657.0
    CanFitShipGroup02: 1404.0
    CanFitShipGroup03: 1406.0
    Cpu: 1500.0
    Hp: 40.0
    MissileDamageMultiplierBonus: 1.0700000524520874
    Power: 50000.0
    SpeedMultiplier: 0.9200000166893005
    StructureItemVisualFlag: 1.0
  Standup Missile Guidance Enhancer I:
    AoeCloudSizeBonus: -4.400000095367432
    AoeVelocityBonus: 4.400000095367432
    CanFitShipGroup01: 1657.0
    CanFitShipGroup02: 1404.0
    CanFitShipGroup03: 1406.0
    Cpu: 1000.0
    ExplosionDelayBonus: 4.5
    Hp: 40.0
    MissileVelocityBonus: 4.5
    Power: 50000.0
    SpeedMultiplier: 1.0
    StructureItemVisualFlag: 1.0
