items:
  X-Large Ship Research I:
    CanFitShipGroup01: 1657.0
    Hp: 40.0
    RigSize: 4.0
    StructureRigBonus1: 32.0
    StructureRigBonus2: 5.199999809265137
    TechLevel: 1.0
    UpgradeCost: 100.0
  X-Large Ship Research II:
    CanFitShipGroup01: 1657.0
    Hp: 40.0
    RigSize: 4.0
    StructureRigBonus1: 40.0
    StructureRigBonus2: 6.400000095367432
    TechLevel: 2.0
    UpgradeCost: 150.0
