types:
  Cargo Scanner I Blueprint:
    id: 1074
    industryblueprintrank: 6.0
    marketGroup: 325
    name: Cargo Scanner I Blueprint
    packagedVolume: 0.009999999776482582
    portionSize: 1
    published: true
    radius: 1.0
    techlevel: 1
    volume: 0.009999999776482582
  Cargo Scanner II Blueprint:
    id: 2039
    industryblueprintrank: 15.600000381469727
    name: Cargo Scanner II Blueprint
    packagedVolume: 0.009999999776482582
    portionSize: 1
    published: true
    radius: 1.0
    techlevel: 2
    volume: 0.009999999776482582
