types:
  Archon Blueprint:
    IndustryBlueprintRank: 200.0
    Radius: 1.0
    id: 23758
    marketGroup: 888
    name: Archon Blueprint
    packagedVolume: 0.009999999776482582
    portionSize: 1
    published: true
    volume: 0.009999999776482582
  Chimera Blueprint:
    IndustryBlueprintRank: 200.0
    Radius: 1.0
    id: 23916
    marketGroup: 889
    name: Chimera Blueprint
    packagedVolume: 0.009999999776482582
    portionSize: 1
    published: true
    volume: 0.009999999776482582
  Nidhoggur Blueprint:
    IndustryBlueprintRank: 200.0
    Radius: 1.0
    id: 24484
    marketGroup: 891
    name: Nidhoggur Blueprint
    packagedVolume: 0.009999999776482582
    portionSize: 1
    published: true
    volume: 0.009999999776482582
  Thanatos Blueprint:
    IndustryBlueprintRank: 200.0
    Radius: 1.0
    id: 23912
    marketGroup: 890
    name: Thanatos Blueprint
    packagedVolume: 0.009999999776482582
    portionSize: 1
    published: true
    volume: 0.009999999776482582
