types:
  Signal Distortion Amplifier I Blueprint:
    id: 25562
    industryblueprintrank: 3.0
    marketGroup: 1567
    name: Signal Distortion Amplifier I Blueprint
    packagedVolume: 0.009999999776482582
    portionSize: 1
    price: 249600.0
    published: true
    radius: 1.0
    techlevel: 1
    volume: 0.009999999776482582
  Signal Distortion Amplifier II Blueprint:
    id: 25564
    industryblueprintrank: 7.800000190734863
    name: Signal Distortion Amplifier II Blueprint
    packagedVolume: 0.009999999776482582
    portionSize: 1
    price: 1.0E10
    published: true
    radius: 1.0
    techlevel: 2
    volume: 0.009999999776482582
