types:
  4313:
    id: 4313
    industryblueprintrank: 3.0
    marketGroup: 1920
    name: Oxygen Fuel Block Blueprint
    packagedVolume: 0.009999999776482582
    portionSize: 1
    price: 1.0E7
    published: true
    radius: 1.0
    volume: 0.009999999776482582
  4314:
    id: 4314
    industryblueprintrank: 3.0
    marketGroup: 1920
    name: Nitrogen Fuel Block Blueprint
    packagedVolume: 0.009999999776482582
    portionSize: 1
    price: 1.0E7
    published: true
    radius: 1.0
    volume: 0.009999999776482582
  4315:
    id: 4315
    industryblueprintrank: 3.0
    marketGroup: 1920
    name: Helium Fuel Block Blueprint
    packagedVolume: 0.009999999776482582
    portionSize: 1
    price: 1.0E7
    published: true
    radius: 1.0
    volume: 0.009999999776482582
  4316:
    id: 4316
    industryblueprintrank: 3.0
    marketGroup: 1920
    name: Hydrogen Fuel Block Blueprint
    packagedVolume: 0.009999999776482582
    portionSize: 1
    price: 1.0E7
    published: true
    radius: 1.0
    volume: 0.009999999776482582
