types:
  33077:
    id: 33077
    industryblueprintrank: 3.0
    name: Small Ancillary Armor Repairer Blueprint
    packagedVolume: 0.009999999776482582
    portionSize: 1
    price: 200000.0
    published: true
    radius: 1.0
    volume: 0.009999999776482582
  33102:
    id: 33102
    industryblueprintrank: 6.0
    name: Medium Ancillary Armor Repairer Blueprint
    packagedVolume: 0.009999999776482582
    portionSize: 1
    price: 200000.0
    published: true
    radius: 1.0
    volume: 0.009999999776482582
  33104:
    id: 33104
    industryblueprintrank: 9.0
    name: Large Ancillary Armor Repairer Blueprint
    packagedVolume: 0.009999999776482582
    portionSize: 1
    price: 200000.0
    published: true
    radius: 1.0
    volume: 0.009999999776482582
  41620:
    id: 41620
    name: Capital Ancillary Armor Repairer Blueprint
    packagedVolume: 0.009999999776482582
    portionSize: 1
    price: 1.5E7
    published: true
    volume: 0.009999999776482582
