types:
  Gas Cloud Harvester I Blueprint:
    id: 60338
    industryblueprintrank: 7.0
    marketGroup: 338
    name: Gas Cloud Harvester I Blueprint
    packagedVolume: 0.009999999776482582
    portionSize: 1
    published: true
    radius: 1.0
    techlevel: 1
    volume: 0.009999999776482582
  Gas Cloud Harvester II Blueprint:
    id: 60339
    industryblueprintrank: 18.200000762939453
    name: Gas Cloud Harvester II Blueprint
    packagedVolume: 0.009999999776482582
    portionSize: 1
    published: true
    radius: 1.0
    techlevel: 2
    volume: 0.009999999776482582
