types:
  Orca Blueprint:
    IndustryBlueprintRank: 200.0
    IndustryJobCostMultiplier: 1
    Radius: 1.0
    id: 28607
    marketGroup: 2334
    name: Orca Blueprint
    packagedVolume: 0.009999999776482582
    portionSize: 1
    published: true
    volume: 0.009999999776482582
  Porpoise Blueprint:
    IndustryJobCostMultiplier: 1
    id: 43910
    marketGroup: 2334
    name: Porpoise Blueprint
    packagedVolume: 0.009999999776482582
    portionSize: 1
    published: true
    volume: 0.009999999776482582
