types:
  Orca Blueprint:
    id: 28607
    industryblueprintrank: 200.0
    industryjobcostmultiplier: 1
    marketGroup: 2334
    name: Orca Blueprint
    packagedVolume: 0.009999999776482582
    portionSize: 1
    published: true
    radius: 1.0
    volume: 0.009999999776482582
  Porpoise Blueprint:
    id: 43910
    industryjobcostmultiplier: 1
    marketGroup: 2334
    name: Porpoise Blueprint
    packagedVolume: 0.009999999776482582
    portionSize: 1
    published: true
    volume: 0.009999999776482582
