types:
  58955:
    id: 58955
    industryblueprintrank: 3.0
    marketGroup: 332
    name: Interdiction Nullifier I Blueprint
    packagedVolume: 0.009999999776482582
    portionSize: 1
    price: 400940.0
    published: true
    radius: 1.0
    techlevel: 1
    volume: 0.009999999776482582
  58973:
    id: 58973
    industryblueprintrank: 3.0
    marketGroup: 332
    name: Compact Interdiction Nullifier Blueprint
    packagedVolume: 0.009999999776482582
    portionSize: 1
    price: 400940.0
    published: true
    radius: 1.0
    techlevel: 1
    volume: 0.009999999776482582
  58974:
    id: 58974
    industryblueprintrank: 3.0
    marketGroup: 332
    name: Restrained Interdiction Nullifier Blueprint
    packagedVolume: 0.009999999776482582
    portionSize: 1
    price: 400940.0
    published: true
    radius: 1.0
    techlevel: 1
    volume: 0.009999999776482582
  58975:
    id: 58975
    industryblueprintrank: 7.800000190734863
    marketGroup: 332
    name: Interdiction Nullifier II Blueprint
    packagedVolume: 0.009999999776482582
    portionSize: 1
    price: 400940.0
    published: true
    radius: 1.0
    techlevel: 2
    volume: 0.009999999776482582
