types:
  Zero-Point Mass Entangler Blueprint:
    id: 49100
    marketGroup: 2508
    name: Zero-Point Mass Entangler Blueprint
    packagedVolume: 0.009999999776482582
    portionSize: 1
    price: 5.0E7
    published: true
    volume: 0.009999999776482582
