types:
  Mobile Decoy Unit Blueprint:
    IndustryBlueprintRank: 40.0
    Radius: 1.0
    id: 33588
    name: Mobile Decoy Unit Blueprint
    packagedVolume: 0.009999999776482582
    portionSize: 1
    published: true
    volume: 0.009999999776482582
