types:
  Mobile Decoy Unit Blueprint:
    id: 33588
    industryblueprintrank: 40.0
    name: Mobile Decoy Unit Blueprint
    packagedVolume: 0.009999999776482582
    portionSize: 1
    price: 1.5E8
    published: true
    radius: 1.0
    volume: 0.009999999776482582
