types:
  Passive Targeter I Blueprint:
    id: 1212
    industryblueprintrank: 6.0
    marketGroup: 1582
    name: Passive Targeter I Blueprint
    packagedVolume: 0.009999999776482582
    portionSize: 1
    price: 250000.0
    published: true
    radius: 1.0
    techlevel: 1
    volume: 0.009999999776482582
  Passive Targeter II Blueprint:
    id: 2342
    industryblueprintrank: 15.600000381469727
    name: Passive Targeter II Blueprint
    packagedVolume: 0.009999999776482582
    portionSize: 1
    price: 9999999.0
    published: true
    radius: 1.0
    techlevel: 2
    volume: 0.009999999776482582
