types:
  Salvage Drone I Blueprint:
    id: 32982
    industryblueprintrank: 1.0
    marketGroup: 1643
    name: Salvage Drone I Blueprint
    packagedVolume: 0.009999999776482582
    portionSize: 1
    price: 2.9986E7
    published: true
    radius: 1.0
    volume: 0.009999999776482582
