types:
  Salvager I Blueprint:
    IndustryBlueprintRank: 9.0
    Radius: 1.0
    TechLevel: 1
    id: 25862
    marketGroup: 1712
    name: Salvager I Blueprint
    packagedVolume: 0.009999999776482582
    portionSize: 1
    published: true
    volume: 0.009999999776482582
  Salvager II Blueprint:
    IndustryBlueprintRank: 23.399999618530273
    Radius: 1.0
    TechLevel: 2
    id: 30837
    name: Salvager II Blueprint
    packagedVolume: 0.009999999776482582
    portionSize: 1
    published: true
    volume: 0.009999999776482582
