types:
  Core Probe Launcher I Blueprint:
    id: 17939
    industryblueprintrank: 9.0
    marketGroup: 1198
    name: Core Probe Launcher I Blueprint
    packagedVolume: 0.009999999776482582
    portionSize: 1
    price: 60000.0
    published: true
    radius: 1.0
    techlevel: 1
    volume: 0.009999999776482582
  Core Probe Launcher II Blueprint:
    id: 4259
    industryblueprintrank: 23.399999618530273
    name: Core Probe Launcher II Blueprint
    packagedVolume: 0.009999999776482582
    portionSize: 1
    price: 60000.0
    published: true
    radius: 1.0
    techlevel: 2
    volume: 0.009999999776482582
  Expanded Probe Launcher I Blueprint:
    id: 18640
    industryblueprintrank: 12.0
    marketGroup: 1198
    name: Expanded Probe Launcher I Blueprint
    packagedVolume: 0.009999999776482582
    portionSize: 1
    price: 60000.0
    published: true
    radius: 1.0
    techlevel: 1
    volume: 0.009999999776482582
  Expanded Probe Launcher II Blueprint:
    id: 4261
    industryblueprintrank: 23.399999618530273
    name: Expanded Probe Launcher II Blueprint
    packagedVolume: 0.009999999776482582
    portionSize: 1
    price: 60000.0
    published: true
    radius: 1.0
    techlevel: 2
    volume: 0.009999999776482582
