types:
  Scan Pinpointing Array I Blueprint:
    IndustryBlueprintRank: 6.0
    Radius: 1.0
    TechLevel: 1
    id: 33179
    marketGroup: 1707
    name: Scan Pinpointing Array I Blueprint
    packagedVolume: 0.009999999776482582
    portionSize: 1
    published: true
    volume: 0.009999999776482582
  Scan Pinpointing Array II Blueprint:
    IndustryBlueprintRank: 15.600000381469727
    Radius: 1.0
    TechLevel: 2
    id: 33200
    name: Scan Pinpointing Array II Blueprint
    packagedVolume: 0.009999999776482582
    portionSize: 1
    published: true
    volume: 0.009999999776482582
  Scan Rangefinding Array I Blueprint:
    IndustryBlueprintRank: 6.0
    Radius: 1.0
    TechLevel: 1
    id: 33181
    marketGroup: 1707
    name: Scan Rangefinding Array I Blueprint
    packagedVolume: 0.009999999776482582
    portionSize: 1
    published: true
    volume: 0.009999999776482582
  Scan Rangefinding Array II Blueprint:
    IndustryBlueprintRank: 15.600000381469727
    Radius: 1.0
    TechLevel: 2
    id: 33202
    name: Scan Rangefinding Array II Blueprint
    packagedVolume: 0.009999999776482582
    portionSize: 1
    published: true
    volume: 0.009999999776482582
