types:
  Shield Recharger I Blueprint:
    id: 1026
    industryblueprintrank: 6.0
    marketGroup: 1551
    name: Shield Recharger I Blueprint
    packagedVolume: 0.009999999776482582
    portionSize: 1
    published: true
    radius: 1.0
    techlevel: 1
    volume: 0.009999999776482582
  Shield Recharger II Blueprint:
    id: 1027
    industryblueprintrank: 15.600000381469727
    name: Shield Recharger II Blueprint
    packagedVolume: 0.009999999776482582
    portionSize: 1
    published: true
    radius: 1.0
    techlevel: 2
    volume: 0.009999999776482582
