types:
  Ship Scanner I Blueprint:
    id: 1075
    industryblueprintrank: 6.0
    marketGroup: 325
    name: Ship Scanner I Blueprint
    packagedVolume: 0.009999999776482582
    portionSize: 1
    price: 19840.0
    published: true
    radius: 1.0
    techlevel: 1
    volume: 0.009999999776482582
  Ship Scanner II Blueprint:
    id: 1856
    industryblueprintrank: 15.600000381469727
    name: Ship Scanner II Blueprint
    packagedVolume: 0.009999999776482582
    portionSize: 1
    price: 9999999.0
    published: true
    radius: 1.0
    techlevel: 2
    volume: 0.009999999776482582
