types:
  '''Firewall'' Signal Amplifier Blueprint':
    id: 21528
    industryblueprintrank: 3.0
    name: '''Firewall'' Signal Amplifier Blueprint'
    packagedVolume: 0.009999999776482582
    portionSize: 1
    published: true
    radius: 1.0
    techlevel: 1
    volume: 0.009999999776482582
  Signal Amplifier I Blueprint:
    id: 11634
    industryblueprintrank: 3.0
    marketGroup: 1585
    name: Signal Amplifier I Blueprint
    packagedVolume: 0.009999999776482582
    portionSize: 1
    price: 118400.0
    published: true
    radius: 1.0
    techlevel: 1
    volume: 0.009999999776482582
  Signal Amplifier II Blueprint:
    id: 11812
    industryblueprintrank: 7.800000190734863
    name: Signal Amplifier II Blueprint
    packagedVolume: 0.009999999776482582
    portionSize: 1
    price: 1.0E10
    published: true
    radius: 1.0
    techlevel: 2
    volume: 0.009999999776482582
