types:
  Infrastructure Hub Blueprint:
    id: 2735
    industryblueprintrank: 400.0
    marketGroup: 1356
    name: Infrastructure Hub Blueprint
    packagedVolume: 0.009999999776482582
    portionSize: 1
    price: 5.0E8
    published: true
    radius: 1.0
    volume: 0.009999999776482582
  Territorial Claim Unit Blueprint:
    id: 2737
    industryblueprintrank: 200.0
    marketGroup: 1356
    name: Territorial Claim Unit Blueprint
    packagedVolume: 0.009999999776482582
    portionSize: 1
    price: 2.5E8
    published: true
    radius: 1.0
    volume: 0.009999999776482582
