types:
  23537:
    id: 23537
    industryblueprintrank: 3.0
    marketGroup: 1029
    name: Berserker SW-900 Blueprint
    packagedVolume: 0.009999999776482582
    portionSize: 1
    price: 4000000.0
    published: true
    radius: 1.0
    volume: 0.009999999776482582
  23730:
    id: 23730
    industryblueprintrank: 2.0
    marketGroup: 1029
    name: Valkyrie SW-600 Blueprint
    packagedVolume: 0.009999999776482582
    portionSize: 1
    price: 1500000.0
    published: true
    radius: 1.0
    volume: 0.009999999776482582
  23732:
    id: 23732
    industryblueprintrank: 1.0
    marketGroup: 1029
    name: Warrior SW-300 Blueprint
    packagedVolume: 0.009999999776482582
    portionSize: 1
    price: 400000.0
    published: true
    radius: 1.0
    volume: 0.009999999776482582
