types:
  Legion Blueprint:
    id: 29987
    industryblueprintrank: 800.0
    name: Legion Blueprint
    packagedVolume: 0.009999999776482582
    portionSize: 1
    price: 4.5275E7
    published: true
    radius: 1.0
    techlevel: 3
    volume: 0.009999999776482582
  Loki Blueprint:
    id: 29991
    industryblueprintrank: 800.0
    name: Loki Blueprint
    packagedVolume: 0.009999999776482582
    portionSize: 1
    price: 4.45E7
    published: true
    radius: 1.0
    techlevel: 3
    volume: 0.009999999776482582
  Proteus Blueprint:
    id: 29989
    industryblueprintrank: 800.0
    name: Proteus Blueprint
    packagedVolume: 0.009999999776482582
    portionSize: 1
    price: 4.3775E7
    published: true
    radius: 1.0
    techlevel: 3
    volume: 0.009999999776482582
  Tengu Blueprint:
    id: 29985
    industryblueprintrank: 800.0
    name: Tengu Blueprint
    packagedVolume: 0.009999999776482582
    portionSize: 1
    price: 4.56E7
    published: true
    radius: 1.0
    techlevel: 3
    volume: 0.009999999776482582
