types:
  Legion Blueprint:
    IndustryBlueprintRank: 800.0
    Radius: 1.0
    TechLevel: 3
    id: 29987
    name: Legion Blueprint
    packagedVolume: 0.009999999776482582
    portionSize: 1
    published: true
    volume: 0.009999999776482582
  Loki Blueprint:
    IndustryBlueprintRank: 800.0
    Radius: 1.0
    TechLevel: 3
    id: 29991
    name: Loki Blueprint
    packagedVolume: 0.009999999776482582
    portionSize: 1
    published: true
    volume: 0.009999999776482582
  Proteus Blueprint:
    IndustryBlueprintRank: 800.0
    Radius: 1.0
    TechLevel: 3
    id: 29989
    name: Proteus Blueprint
    packagedVolume: 0.009999999776482582
    portionSize: 1
    published: true
    volume: 0.009999999776482582
  Tengu Blueprint:
    IndustryBlueprintRank: 800.0
    Radius: 1.0
    TechLevel: 3
    id: 29985
    name: Tengu Blueprint
    packagedVolume: 0.009999999776482582
    portionSize: 1
    published: true
    volume: 0.009999999776482582
