types:
  1076:
    id: 1076
    industryblueprintrank: 6.0
    marketGroup: 325
    name: Survey Scanner I Blueprint
    packagedVolume: 0.009999999776482582
    portionSize: 1
    price: 20000.0
    published: true
    radius: 1.0
    techlevel: 1
    volume: 0.009999999776482582
  2334:
    id: 2334
    industryblueprintrank: 15.600000381469727
    name: Survey Scanner II Blueprint
    packagedVolume: 0.009999999776482582
    portionSize: 1
    price: 9999999.0
    published: true
    radius: 1.0
    techlevel: 2
    volume: 0.009999999776482582
