types:
  32839:
    id: 32839
    industryblueprintrank: 3.0
    marketGroup: 1521
    name: Quest Survey Probe I Blueprint
    packagedVolume: 0.009999999776482582
    portionSize: 1
    price: 5000000.0
    published: true
    radius: 1.0
    volume: 0.009999999776482582
  32854:
    id: 32854
    industryblueprintrank: 3.0
    marketGroup: 1521
    name: Discovery Survey Probe I Blueprint
    packagedVolume: 0.009999999776482582
    portionSize: 1
    price: 3000000.0
    published: true
    radius: 1.0
    volume: 0.009999999776482582
  32855:
    id: 32855
    industryblueprintrank: 3.0
    marketGroup: 1521
    name: Gaze Survey Probe I Blueprint
    packagedVolume: 0.009999999776482582
    portionSize: 1
    price: 7000000.0
    published: true
    radius: 1.0
    volume: 0.009999999776482582
