types:
  Confessor Blueprint:
    IndustryBlueprintRank: 600.0
    Radius: 1.0
    TechLevel: 3
    id: 34318
    name: Confessor Blueprint
    packagedVolume: 0.009999999776482582
    portionSize: 1
    published: true
    volume: 0.009999999776482582
  Hecate Blueprint:
    IndustryBlueprintRank: 600.0
    Radius: 1.0
    TechLevel: 3
    id: 35684
    name: Hecate Blueprint
    packagedVolume: 0.009999999776482582
    portionSize: 1
    published: true
    volume: 0.009999999776482582
  Jackdaw Blueprint:
    IndustryBlueprintRank: 600.0
    Radius: 1.0
    TechLevel: 3
    id: 34829
    name: Jackdaw Blueprint
    packagedVolume: 0.009999999776482582
    portionSize: 1
    published: true
    volume: 0.009999999776482582
  Svipul Blueprint:
    IndustryBlueprintRank: 600.0
    Radius: 1.0
    TechLevel: 3
    id: 34563
    name: Svipul Blueprint
    packagedVolume: 0.009999999776482582
    portionSize: 1
    published: true
    volume: 0.009999999776482582
