types:
  '''Inception'' Target Painter Blueprint':
    id: 21541
    industryblueprintrank: 6.0
    name: '''Inception'' Target Painter Blueprint'
    packagedVolume: 0.009999999776482582
    portionSize: 1
    published: true
    radius: 1.0
    techlevel: 1
    volume: 0.009999999776482582
  Target Painter I Blueprint:
    id: 12710
    industryblueprintrank: 6.0
    marketGroup: 1571
    name: Target Painter I Blueprint
    packagedVolume: 0.009999999776482582
    portionSize: 1
    published: true
    radius: 1.0
    techlevel: 1
    volume: 0.009999999776482582
  Target Painter II Blueprint:
    id: 19807
    industryblueprintrank: 15.600000381469727
    name: Target Painter II Blueprint
    packagedVolume: 0.009999999776482582
    portionSize: 1
    published: true
    radius: 1.0
    techlevel: 2
    volume: 0.009999999776482582
