types:
  11621:
    id: 11621
    industryblueprintrank: 6.0
    marketGroup: 343
    name: Tracking Computer I Blueprint
    packagedVolume: 0.009999999776482582
    portionSize: 1
    price: 99000.0
    published: true
    radius: 1.0
    techlevel: 1
    volume: 0.009999999776482582
  11840:
    id: 11840
    industryblueprintrank: 15.600000381469727
    name: Tracking Computer II Blueprint
    packagedVolume: 0.009999999776482582
    portionSize: 1
    price: 1.0E10
    published: true
    radius: 1.0
    techlevel: 2
    volume: 0.009999999776482582
  15793:
    id: 15793
    industryblueprintrank: 6.0
    name: Federation Navy Tracking Computer Blueprint
    packagedVolume: 0.009999999776482582
    portionSize: 1
    published: true
    radius: 1.0
    techlevel: 1
    volume: 0.009999999776482582
  22930:
    id: 22930
    industryblueprintrank: 6.0
    name: '''Marketeer'' Tracking Computer Blueprint'
    packagedVolume: 0.009999999776482582
    portionSize: 1
    published: true
    radius: 1.0
    techlevel: 1
    volume: 0.009999999776482582
