types:
  11616:
    id: 11616
    industryblueprintrank: 3.0
    marketGroup: 343
    name: Tracking Enhancer I Blueprint
    packagedVolume: 0.009999999776482582
    portionSize: 1
    price: 144000.0
    published: true
    radius: 1.0
    techlevel: 1
    volume: 0.009999999776482582
  11848:
    id: 11848
    industryblueprintrank: 7.800000190734863
    name: Tracking Enhancer II Blueprint
    packagedVolume: 0.009999999776482582
    portionSize: 1
    price: 1.0E10
    published: true
    radius: 1.0
    techlevel: 2
    volume: 0.009999999776482582
  15966:
    id: 15966
    industryblueprintrank: 3.0
    name: Republic Fleet Tracking Enhancer Blueprint
    packagedVolume: 0.009999999776482582
    portionSize: 1
    published: true
    radius: 1.0
    techlevel: 1
    volume: 0.009999999776482582
