items:
  Compact Entropic Radiation Sink:
    Cpu: 27.0
    DamageMultiplier: 1.090000033378601
    Hp: 40
    Power: 1
    RequiredSkill1: 3318
    RequiredSkill1Level: 1
    SpeedMultiplier: 0.9599999785423279
    TechLevel: 1
    id: 47909
    name: Compact Entropic Radiation Sink
    volume: 5.0
  Entropic Radiation Sink I:
    Cpu: 27.0
    DamageMultiplier: 1.090000033378601
    Hp: 40
    Power: 1
    RequiredSkill1: 3318
    RequiredSkill1Level: 1
    SpeedMultiplier: 0.9599999785423279
    TechLevel: 1
    id: 47908
    name: Entropic Radiation Sink I
    volume: 5.0
  Entropic Radiation Sink II:
    Cpu: 30.0
    DamageMultiplier: 1.1299999952316284
    Hp: 40
    MetaLevel: 5
    Power: 1
    RequiredSkill1: 3318
    RequiredSkill1Level: 4
    SpeedMultiplier: 0.9399999976158142
    TechLevel: 2
    id: 47911
    name: Entropic Radiation Sink II
    volume: 5.0
