items:
  Modulated Deep Core Miner II:
    CapacitorNeed: 90.0
    ChargeGroup1: 663.0
    ChargeGroup2: 482.0
    ChargeSize: 1.0
    Cpu: 80.0
    Duration: 180000.0
    Hp: 40.0
    MaxRange: 10000.0
    MetaLevel: 5.0
    MiningAmount: 120.0
    Power: 3.0
    ReloadTime: 0.009999999776482582
    RequiredSkill1: 3386.0
    RequiredSkill1Level: 5.0
    RequiredSkill2: 11395.0
    RequiredSkill2Level: 2.0
    Slots: 1.0
    SpecialtyMiningAmount: 120.0
    TargetGroup: 11.0
    TechLevel: 2.0
    TypeColorScheme: 11347.0
  Modulated Deep Core Strip Miner II:
    CanFitShipGroup01: 543.0
    CanFitShipGroup02: 463.0
    CapacitorNeed: 90.0
    ChargeGroup1: 663.0
    ChargeGroup2: 482.0
    ChargeSize: 1.0
    Cpu: 60.0
    Duration: 180000.0
    Hp: 40.0
    MaxRange: 15000.0
    MetaLevel: 5.0
    MiningAmount: 313.0
    Power: 12.0
    ReloadTime: 0.009999999776482582
    RequiredSkill1: 3386.0
    RequiredSkill1Level: 5.0
    RequiredSkill2: 11395.0
    RequiredSkill2Level: 2.0
    Slots: 1.0
    SpecialtyMiningAmount: 313.0
    TargetGroup: 11.0
    TechLevel: 2.0
    TypeColorScheme: 11347.0
  Modulated Strip Miner II:
    CanFitShipGroup01: 543.0
    CanFitShipGroup02: 463.0
    CapacitorNeed: 120.0
    ChargeGroup1: 482.0
    ChargeSize: 1.0
    Cpu: 60.0
    Duration: 180000.0
    Hp: 40.0
    MaxRange: 15000.0
    MetaLevel: 5.0
    MiningAmount: 450.0
    Power: 12.0
    ReloadTime: 0.009999999776482582
    RequiredSkill1: 3386.0
    RequiredSkill1Level: 5.0
    Slots: 1.0
    SpecialtyMiningAmount: 450.0
    TargetGroup: 11.0
    TechLevel: 2.0
    TypeColorScheme: 11347.0
