types:
  42832:
    id: 42832
    launchergroup: 1770
    marketGroup: 2298
    mass: 0.009999999776482582
    name: Armor Energizing Charge
    packagedVolume: 0.009999999776482582
    portionSize: 500
    price: 1000.0
    published: true
    radius: 1.0
    requiredskill1: 20494
    requiredskill1level: 1
    requiredskill2: 3348
    requiredskill2level: 1
    volume: 0.009999999776482582
    warfarebuff1id: 13
    warfarebuff1multiplier: -8
  42833:
    id: 42833
    launchergroup: 1770
    marketGroup: 2298
    mass: 0.009999999776482582
    name: Rapid Repair Charge
    packagedVolume: 0.009999999776482582
    portionSize: 500
    price: 1000.0
    published: true
    radius: 1.0
    requiredskill1: 20494
    requiredskill1level: 1
    requiredskill2: 3348
    requiredskill2level: 1
    volume: 0.009999999776482582
    warfarebuff1id: 14
    warfarebuff1multiplier: -8
  42834:
    id: 42834
    launchergroup: 1770
    marketGroup: 2298
    mass: 0.009999999776482582
    name: Armor Reinforcement Charge
    packagedVolume: 0.009999999776482582
    portionSize: 500
    price: 1000.0
    published: true
    radius: 1.0
    requiredskill1: 20494
    requiredskill1level: 1
    requiredskill2: 3348
    requiredskill2level: 1
    volume: 0.009999999776482582
    warfarebuff1id: 15
    warfarebuff1multiplier: 8
