types:
  Armor Energizing Charge:
    LauncherGroup: 1770
    Mass: 0.009999999776482582
    Radius: 1.0
    RequiredSkill1: 20494
    RequiredSkill1Level: 1
    RequiredSkill2: 3348
    RequiredSkill2Level: 1
    WarfareBuff1ID: 13
    WarfareBuff1Multiplier: -8
    id: 42832
    marketGroup: 2298
    mass: 0.009999999776482582
    name: Armor Energizing Charge
    packagedVolume: 0.009999999776482582
    portionSize: 500
    published: true
    volume: 0.009999999776482582
  Armor Reinforcement Charge:
    LauncherGroup: 1770
    Mass: 0.009999999776482582
    Radius: 1.0
    RequiredSkill1: 20494
    RequiredSkill1Level: 1
    RequiredSkill2: 3348
    RequiredSkill2Level: 1
    WarfareBuff1ID: 15
    WarfareBuff1Multiplier: 8
    id: 42834
    marketGroup: 2298
    mass: 0.009999999776482582
    name: Armor Reinforcement Charge
    packagedVolume: 0.009999999776482582
    portionSize: 500
    published: true
    volume: 0.009999999776482582
  Rapid Repair Charge:
    LauncherGroup: 1770
    Mass: 0.009999999776482582
    Radius: 1.0
    RequiredSkill1: 20494
    RequiredSkill1Level: 1
    RequiredSkill2: 3348
    RequiredSkill2Level: 1
    WarfareBuff1ID: 14
    WarfareBuff1Multiplier: -8
    id: 42833
    marketGroup: 2298
    mass: 0.009999999776482582
    name: Rapid Repair Charge
    packagedVolume: 0.009999999776482582
    portionSize: 500
    published: true
    volume: 0.009999999776482582
