types:
  32782:
    aimedlaunch: 1
    aoecloudsize: 10
    aoedamagereductionfactor: 0.10000000149011612
    aoevelocity: 400
    emdamage: 200.0
    explosiondelay: 3000
    explosivedamage: 200.0
    hp: 5.0
    id: 32782
    kineticdamage: 200.0
    launchergroup: 512
    marketGroup: 116
    mass: 700.0
    maxvelocity: 10000.0
    name: Defender Missile I
    packagedVolume: 0.014999999664723873
    portionSize: 100
    published: true
    radius: 300.0
    requiredskill1: 3323
    requiredskill1level: 1
    structureuniformity: 1.0
    techlevel: 1
    thermaldamage: 200.0
    volume: 0.014999999664723873
