types:
  Evasive Maneuvers Charge:
    LauncherGroup: 1770
    Mass: 0.009999999776482582
    Radius: 1.0
    RequiredSkill1: 3349
    RequiredSkill1Level: 1
    RequiredSkill2: 3348
    RequiredSkill2Level: 1
    WarfareBuff1ID: 20
    WarfareBuff1Multiplier: -6
    WarfareBuff2ID: 60
    WarfareBuff2Multiplier: -6
    id: 42838
    marketGroup: 2302
    mass: 0.009999999776482582
    name: Evasive Maneuvers Charge
    published: true
    volume: 0.009999999776482582
  Interdiction Maneuvers Charge:
    LauncherGroup: 1770
    Mass: 0.009999999776482582
    Radius: 1.0
    RequiredSkill1: 3349
    RequiredSkill1Level: 1
    RequiredSkill2: 3348
    RequiredSkill2Level: 1
    WarfareBuff1ID: 21
    WarfareBuff1Multiplier: 12
    id: 42839
    marketGroup: 2302
    mass: 0.009999999776482582
    name: Interdiction Maneuvers Charge
    published: true
    volume: 0.009999999776482582
  Rapid Deployment Charge:
    LauncherGroup: 1770
    Mass: 0.009999999776482582
    Radius: 1.0
    RequiredSkill1: 3349
    RequiredSkill1Level: 1
    RequiredSkill2: 3348
    RequiredSkill2Level: 1
    WarfareBuff1ID: 22
    WarfareBuff1Multiplier: 12
    id: 42840
    marketGroup: 2302
    mass: 0.009999999776482582
    name: Rapid Deployment Charge
    published: true
    volume: 0.009999999776482582
