types:
  2v2 Caldari Destroyer, Interceptor, and Navy Frigate Proving Filament:
    id: 55983
    marketGroup: 2747
    name: 2v2 Caldari Destroyer, Interceptor, and Navy Frigate Proving Filament
    packagedVolume: 0.10000000149011612
    portionSize: 1
    price: 10000.0
    published: true
    volume: 0.10000000149011612
  Event 7 Proving Filament:
    id: 56092
    marketGroup: 2747
    name: Event 7 Proving Filament
    packagedVolume: 0.10000000149011612
    portionSize: 1
    price: 10000.0
    published: true
    volume: 0.10000000149011612
  Event 8 Proving Filament:
    id: 56093
    marketGroup: 2747
    name: Event 8 Proving Filament
    packagedVolume: 0.10000000149011612
    portionSize: 1
    price: 10000.0
    published: true
    volume: 0.10000000149011612
