types:
  Event 22 Proving Filament:
    id: 57370
    marketGroup: 2747
    name: Event 22 Proving Filament
    packagedVolume: 0.10000000149011612
    portionSize: 1
    price: 10000.0
    published: true
    volume: 0.10000000149011612
  Event 23 Proving Filament:
    id: 57372
    marketGroup: 2747
    name: Event 23 Proving Filament
    packagedVolume: 0.10000000149011612
    portionSize: 1
    price: 10000.0
    published: true
    volume: 0.10000000149011612
  Hunt 3v3 Destroyers Proving Filament:
    id: 57369
    marketGroup: 2747
    name: Hunt 3v3 Destroyers Proving Filament
    packagedVolume: 0.10000000149011612
    portionSize: 1
    price: 10000.0
    published: true
    volume: 0.10000000149011612
