types:
  Assault Frigate FFA Proving Filament:
    id: 57368
    marketGroup: 2747
    name: Assault Frigate FFA Proving Filament
    packagedVolume: 0.10000000149011612
    portionSize: 1
    price: 10000.0
    published: true
    volume: 0.10000000149011612
  Grand Prix 1v1 Interceptors Proving Filament:
    id: 57367
    marketGroup: 2747
    name: Grand Prix 1v1 Interceptors Proving Filament
    packagedVolume: 0.10000000149011612
    portionSize: 1
    price: 10000.0
    published: true
    volume: 0.10000000149011612
  Hunt 3v3 Destroyers Proving Filament:
    id: 57369
    marketGroup: 2747
    name: Hunt 3v3 Destroyers Proving Filament
    packagedVolume: 0.10000000149011612
    portionSize: 1
    price: 10000.0
    published: true
    volume: 0.10000000149011612
