types:
  Crimson Harvest Destroyer FFA Proving Filament:
    id: 60078
    marketGroup: 2747
    name: Crimson Harvest Destroyer FFA Proving Filament
    packagedVolume: 0.10000000149011612
    portionSize: 1
    price: 10000.0
    published: true
    volume: 0.10000000149011612
  Event 54 Proving Filament:
    id: 62277
    marketGroup: 2747
    name: Event 54 Proving Filament
    packagedVolume: 0.10000000149011612
    portionSize: 1
    price: 10000.0
    published: true
    volume: 0.10000000149011612
  Event 55 Proving Filament:
    id: 62278
    marketGroup: 2747
    name: Event 55 Proving Filament
    packagedVolume: 0.10000000149011612
    portionSize: 1
    price: 10000.0
    published: true
    volume: 0.10000000149011612
  Event 56 Proving Filament:
    id: 62279
    marketGroup: 2747
    name: Event 56 Proving Filament
    packagedVolume: 0.10000000149011612
    portionSize: 1
    price: 10000.0
    published: true
    volume: 0.10000000149011612
