types:
  2v2 Navy Frigates Proving Filament:
    id: 57370
    marketGroup: 2747
    name: 2v2 Navy Frigates Proving Filament
    packagedVolume: 0.10000000149011612
    portionSize: 1
    price: 10000.0
    published: true
    volume: 0.10000000149011612
  Capsuleer Day 18 Cruiser Extravaganza Proving Filament:
    id: 57372
    marketGroup: 2747
    name: Capsuleer Day 18 Cruiser Extravaganza Proving Filament
    packagedVolume: 0.10000000149011612
    portionSize: 1
    price: 10000.0
    published: true
    volume: 0.10000000149011612
  Event 24 Proving Filament:
    id: 57373
    marketGroup: 2747
    name: Event 24 Proving Filament
    packagedVolume: 0.10000000149011612
    portionSize: 1
    price: 10000.0
    published: true
    volume: 0.10000000149011612
  Event 25 Proving Filament:
    id: 57374
    marketGroup: 2747
    name: Event 25 Proving Filament
    packagedVolume: 0.10000000149011612
    portionSize: 1
    price: 10000.0
    published: true
    volume: 0.10000000149011612
