types:
  2v2 T1 Frigates Proving Flament:
    id: 62275
    marketGroup: 2747
    name: 2v2 T1 Frigates Proving Flament
    packagedVolume: 0.10000000149011612
    portionSize: 1
    price: 10000.0
    published: true
    volume: 0.10000000149011612
  Crimson Harvest Destroyer FFA Proving Filament:
    id: 60078
    marketGroup: 2747
    name: Crimson Harvest Destroyer FFA Proving Filament
    packagedVolume: 0.10000000149011612
    portionSize: 1
    price: 10000.0
    published: true
    volume: 0.10000000149011612
  Event 53 Proving Filament:
    id: 62276
    marketGroup: 2747
    name: Event 53 Proving Filament
    packagedVolume: 0.10000000149011612
    portionSize: 1
    price: 10000.0
    published: true
    volume: 0.10000000149011612
  Venture FFA Proving Filament:
    id: 62274
    marketGroup: 2747
    name: Venture FFA Proving Filament
    packagedVolume: 0.10000000149011612
    portionSize: 1
    price: 10000.0
    published: true
    volume: 0.10000000149011612
