types:
  1v1 Battlecruisers Proving Filament:
    id: 63721
    marketGroup: 2747
    name: 1v1 Battlecruisers Proving Filament
    packagedVolume: 0.10000000149011612
    portionSize: 1
    price: 10000.0
    published: true
    volume: 0.10000000149011612
  Event 66 Proving Filament:
    id: 63723
    marketGroup: 2747
    name: Event 66 Proving Filament
    packagedVolume: 0.10000000149011612
    portionSize: 1
    price: 10000.0
    published: true
    volume: 0.10000000149011612
  Foundation Day Amarr Frigate FFA Proving Filament:
    id: 63722
    marketGroup: 2747
    name: Foundation Day Amarr Frigate FFA Proving Filament
    packagedVolume: 0.10000000149011612
    portionSize: 1
    price: 10000.0
    published: true
    volume: 0.10000000149011612
