types:
  Capsuleer Day 2v2 Navy Frigates Proving Filament:
    id: 62279
    marketGroup: 2747
    name: Capsuleer Day 2v2 Navy Frigates Proving Filament
    packagedVolume: 0.10000000149011612
    portionSize: 1
    price: 10000.0
    published: true
    volume: 0.10000000149011612
  Capsuleer Day Sunesis FFA Proving Filament:
    id: 63714
    marketGroup: 2747
    name: Capsuleer Day Sunesis FFA Proving Filament
    packagedVolume: 0.10000000149011612
    portionSize: 1
    price: 10000.0
    published: true
    volume: 0.10000000149011612
  Crimson Harvest Destroyer FFA Proving Filament:
    id: 60078
    marketGroup: 2747
    name: Crimson Harvest Destroyer FFA Proving Filament
    packagedVolume: 0.10000000149011612
    portionSize: 1
    price: 10000.0
    published: true
    volume: 0.10000000149011612
  Event 58 Proving Filament:
    id: 63715
    marketGroup: 2747
    name: Event 58 Proving Filament
    packagedVolume: 0.10000000149011612
    portionSize: 1
    price: 10000.0
    published: true
    volume: 0.10000000149011612
