types:
  Event 4 Proving Filament:
    id: 55825
    marketGroup: 2747
    name: Event 4 Proving Filament
    packagedVolume: 0.10000000149011612
    portionSize: 1
    published: true
    volume: 0.10000000149011612
  Event 5 Proving Filament:
    id: 55982
    marketGroup: 2747
    name: Event 5 Proving Filament
    packagedVolume: 0.10000000149011612
    portionSize: 1
    published: true
    volume: 0.10000000149011612
  Event 6 Proving Filament:
    id: 55983
    marketGroup: 2747
    name: Event 6 Proving Filament
    packagedVolume: 0.10000000149011612
    portionSize: 1
    published: true
    volume: 0.10000000149011612
