types:
  72986:
    id: 72986
    marketGroup: 2747
    name: Event 82 Proving Filament
    packagedVolume: 0.10000000149011612
    portionSize: 1
    price: 10000.0
    published: true
    volume: 0.10000000149011612
  72987:
    id: 72987
    marketGroup: 2747
    name: Event 83 Proving Filament
    packagedVolume: 0.10000000149011612
    portionSize: 1
    price: 10000.0
    published: true
    volume: 0.10000000149011612
  72988:
    id: 72988
    marketGroup: 2747
    name: Event 84 Proving Filament
    packagedVolume: 0.10000000149011612
    portionSize: 1
    price: 10000.0
    published: true
    volume: 0.10000000149011612
