types:
  2v2 T1 Cruiser Proving Filament:
    id: 60606
    marketGroup: 2747
    name: 2v2 T1 Cruiser Proving Filament
    packagedVolume: 0.10000000149011612
    portionSize: 1
    price: 10000.0
    published: true
    volume: 0.10000000149011612
  Crimson Harvest Destroyer FFA Proving Filament:
    id: 60078
    marketGroup: 2747
    name: Crimson Harvest Destroyer FFA Proving Filament
    packagedVolume: 0.10000000149011612
    portionSize: 1
    price: 10000.0
    published: true
    volume: 0.10000000149011612
  Event 49 Proving Filament:
    id: 60607
    marketGroup: 2747
    name: Event 49 Proving Filament
    packagedVolume: 0.10000000149011612
    portionSize: 1
    price: 10000.0
    published: true
    volume: 0.10000000149011612
  Exploration Frigate FFA Proving Filament:
    id: 60605
    marketGroup: 2747
    name: Exploration Frigate FFA Proving Filament
    packagedVolume: 0.10000000149011612
    portionSize: 1
    price: 10000.0
    published: true
    volume: 0.10000000149011612
