types:
  100K Bounty SCC Encrypted Bond:
    id: 55930
    marketGroup: 1846
    mass: 0.10000000149011612
    name: 100K Bounty SCC Encrypted Bond
    packagedVolume: 0.009999999776482582
    portionSize: 1
    published: true
    volume: 0.009999999776482582
  10K Bounty SCC Encrypted Bond:
    id: 55931
    marketGroup: 1846
    mass: 0.10000000149011612
    name: 10K Bounty SCC Encrypted Bond
    packagedVolume: 0.009999999776482582
    portionSize: 1
    published: true
    volume: 0.009999999776482582
  10M Bounty SCC Encrypted Bond:
    id: 55932
    marketGroup: 1846
    mass: 0.10000000149011612
    name: 10M Bounty SCC Encrypted Bond
    packagedVolume: 0.009999999776482582
    portionSize: 1
    published: true
    volume: 0.009999999776482582
  1M Bounty SCC Encrypted Bond:
    id: 55933
    marketGroup: 1846
    mass: 0.10000000149011612
    name: 1M Bounty SCC Encrypted Bond
    packagedVolume: 0.009999999776482582
    portionSize: 1
    published: true
    volume: 0.009999999776482582
