types:
  54802:
    activesystemjump: 1
    filamentdescriptionmessageid: 561098
    id: 54802
    mjdshipjumpcap: 10
    mjfgradius: 6000
    name: Expired Capsuleer Day Signal-10 'Needlejack' Filament
    packagedVolume: 0.10000000149011612
    portionSize: 1
    published: true
    radius: 1.0
    volume: 0.10000000149011612
  54803:
    filamentdescriptionmessageid: 561098
    id: 54803
    mjdshipjumpcap: 10
    mjfgradius: 6000
    name: Expired Capsuleer Day Noise-10 'Needlejack' Filament
    packagedVolume: 0.10000000149011612
    portionSize: 1
    published: true
    radius: 1.0
    volume: 0.10000000149011612
  59307:
    filamentdescriptionmessageid: 561098
    id: 59307
    mjdshipjumpcap: 1
    name: Expired Serenity Capsuleer Day Noise-18 'Needlejack' Filament
    packagedVolume: 0.10000000149011612
    portionSize: 1
    published: true
    radius: 1.0
    volume: 0.10000000149011612
  59308:
    filamentdescriptionmessageid: 561098
    id: 59308
    mjdshipjumpcap: 1
    name: Expired Serenity Capsuleer Day Signal-18 'Needlejack' Filament
    packagedVolume: 0.10000000149011612
    portionSize: 1
    published: true
    radius: 1.0
    volume: 0.10000000149011612
