types:
  Rogue Drone Infestation Data:
    id: 60459
    marketGroup: 2799
    mass: 1.0
    name: Rogue Drone Infestation Data
    packagedVolume: 0.009999999776482582
    portionSize: 1
    price: 100000.0
    published: true
    volume: 0.009999999776482582
