types:
  Clone Soldier Negotiator Tag:
    Mass: 0.10000000149011612
    Radius: 1.0
    SecurityProcessingFee: 6000000
    id: 33141
    marketGroup: 1700
    mass: 0.10000000149011612
    name: Clone Soldier Negotiator Tag
    published: true
    volume: 0.10000000149011612
  Clone Soldier Recruiter Tag:
    Mass: 0.10000000149011612
    Radius: 1.0
    SecurityProcessingFee: 4000000
    id: 33139
    marketGroup: 1700
    mass: 0.10000000149011612
    name: Clone Soldier Recruiter Tag
    published: true
    volume: 0.10000000149011612
  Clone Soldier Trainer Tag:
    Mass: 0.10000000149011612
    Radius: 1.0
    SecurityProcessingFee: 3000000
    id: 33138
    marketGroup: 1700
    mass: 0.10000000149011612
    name: Clone Soldier Trainer Tag
    published: true
    volume: 0.10000000149011612
  Clone Soldier Transporter Tag:
    Mass: 0.10000000149011612
    Radius: 1.0
    SecurityProcessingFee: 5000000
    id: 33140
    marketGroup: 1700
    mass: 0.10000000149011612
    name: Clone Soldier Transporter Tag
    published: true
    volume: 0.10000000149011612
