types:
  Clone Soldier Negotiator Tag:
    id: 33141
    marketGroup: 1700
    name: Clone Soldier Negotiator Tag
    packagedVolume: 0.10000000149011612
    portionSize: 1
    price: 3000000.0
    published: true
    radius: 1.0
    securityprocessingfee: 6000000
    volume: 0.10000000149011612
  Clone Soldier Recruiter Tag:
    id: 33139
    marketGroup: 1700
    name: Clone Soldier Recruiter Tag
    packagedVolume: 0.10000000149011612
    portionSize: 1
    price: 2000000.0
    published: true
    radius: 1.0
    securityprocessingfee: 4000000
    volume: 0.10000000149011612
  Clone Soldier Trainer Tag:
    id: 33138
    marketGroup: 1700
    name: Clone Soldier Trainer Tag
    packagedVolume: 0.10000000149011612
    portionSize: 1
    price: 1500000.0
    published: true
    radius: 1.0
    securityprocessingfee: 3000000
    volume: 0.10000000149011612
  Clone Soldier Transporter Tag:
    id: 33140
    marketGroup: 1700
    name: Clone Soldier Transporter Tag
    packagedVolume: 0.10000000149011612
    portionSize: 1
    price: 2500000.0
    published: true
    radius: 1.0
    securityprocessingfee: 5000000
    volume: 0.10000000149011612
