types:
  Ancient Coordinates Database:
    id: 30746
    marketGroup: 1109
    mass: 1.0
    name: Ancient Coordinates Database
    packagedVolume: 0.10000000149011612
    portionSize: 1
    published: true
    volume: 0.10000000149011612
  Neural Network Analyzer:
    id: 30744
    marketGroup: 1109
    mass: 1.0
    name: Neural Network Analyzer
    packagedVolume: 0.10000000149011612
    portionSize: 1
    published: true
    volume: 0.10000000149011612
  Sleeper Data Library:
    id: 30745
    marketGroup: 1109
    mass: 1.0
    name: Sleeper Data Library
    packagedVolume: 0.10000000149011612
    portionSize: 1
    published: true
    volume: 0.10000000149011612
  Sleeper Drone AI Nexus:
    id: 30747
    marketGroup: 1109
    mass: 1.0
    name: Sleeper Drone AI Nexus
    packagedVolume: 0.10000000149011612
    portionSize: 1
    published: true
    volume: 0.10000000149011612
