types:
  Triglavian Survey Database:
    id: 48121
    marketGroup: 2480
    mass: 1.0
    name: Triglavian Survey Database
    packagedVolume: 0.10000000149011612
    portionSize: 1
    price: 100000.0
    published: true
    volume: 0.10000000149011612
