types:
  Official Federation Grand Prix Passenger Yacht:
    armoremdamageresonance: 0.4000000059604645
    armorexplosivedamageresonance: 0.800000011920929
    armorhp: 950.0
    armorkineticdamageresonance: 0.6499999761581421
    armorthermaldamageresonance: 0.7250000238418579
    capacitorcapacity: 800.0
    capacity: 1750.0
    entitybracketcolour: 2
    hp: 925.0
    id: 48128
    maxvelocity: 120.0
    name: Official Federation Grand Prix Passenger Yacht
    packagedVolume: 115000.0
    portionSize: 1
    published: false
    radius: 150.0
    rechargerate: 2500000.0
    scanmagnetometricstrength: 18.0
    shieldcapacity: 700.0
    shieldemdamageresonance: 1.0
    shieldexplosivedamageresonance: 0.4000000059604645
    shieldkineticdamageresonance: 0.6000000238418579
    shieldrechargerate: 500000.0
    shieldthermaldamageresonance: 0.800000011920929
    signatureradius: 125.0
    volume: 115000.0
