types:
  ♦ Venture:
    ArmorEmDamageResonance: 0.4000000059604645
    ArmorExplosiveDamageResonance: 0.8999999761581421
    ArmorHP: 219.0
    ArmorKineticDamageResonance: 0.75
    ArmorThermalDamageResonance: 0.6499999761581421
    BehaviorMiningAmount: 51
    BehaviorMiningDischarge: 40
    BehaviorMiningDuration: 60000
    BehaviorMiningMaxRange: 11000
    CapacitorCapacity: 313.0
    Capacity: 5000.0
    DisallowAssistance: 1
    EntityFactionLoss: 0.0010000000474974513
    EntityKillBounty: 50000
    EntityOverviewShipGroupId: 25
    GfxBoosterID: 394
    GfxTurretID: 5245
    Hp: 250.0
    Mass: 1200000.0
    MaxLockedTargets: 5
    MaxTargetRange: 18750.0
    MaxVelocity: 420.0
    Radius: 41.0
    RechargeRate: 93750.0
    ScanMagnetometricStrength: 4.800000190734863
    ScanResolution: 937.0
    ScanSpeed: 2500
    ShieldCapacity: 3849.0
    ShieldEmDamageResonance: 0.75
    ShieldExplosiveDamageResonance: 0.375
    ShieldKineticDamageResonance: 0.44999998807907104
    ShieldRechargeRate: 468750.0
    ShieldThermalDamageResonance: 0.6000000238418579
    ShieldUniformity: 0.75
    SignatureRadius: 60.0
    StructureUniformity: 1.0
    id: 42533
    mass: 1200000.0
    name: ♦ Venture
    published: false
    volume: 5000.0
