types:
  Serpentis Guard:
    AIIgnoreDronesBelowSignatureRadius: 50
    AIShouldUseEffectMultiplier: 1
    AIShouldUseSignatureRadius: 1
    AIShouldUseTargetSwitching: 1
    AITankingModifierDrone: 0.699999988079071
    ArmorEmDamageResonance: 0.5199999809265137
    ArmorExplosiveDamageResonance: 0.41999998688697815
    ArmorHP: 1500.0
    ArmorKineticDamageResonance: 0.7200000286102295
    ArmorThermalDamageResonance: 0.6200000047683716
    ArmorUniformity: 0.75
    CapacitorCapacity: 800.0
    Capacity: 480.0
    DamageMultiplier: 6.650000095367432
    DisallowAssistance: 1
    EntityArmorRepairAmount: 200.0
    EntityArmorRepairDelayChance: 0.47999998927116394
    EntityArmorRepairDelayChanceMedium: 0.47999998927116394
    EntityArmorRepairDuration: 10000
    EntityAttackDelayMax: 19800
    EntityAttackDelayMin: 4950
    EntityAttackRange: 57500
    EntityBracketColour: 1
    EntityChaseMaxDelay: 10000
    EntityChaseMaxDelayChance: 0.10000000149011612
    EntityChaseMaxDistance: 34500
    EntityChaseMaxDuration: 10000
    EntityChaseMaxDurationChance: 1.0
    EntityCruiseSpeed: 180.0
    EntityDefenderChance: 0.04500000178813934
    EntityEquipmentMax: 6
    EntityEquipmentMin: 4
    EntityFactionLoss: 0.008999999612569809
    EntityFlyRange: 23000.0
    EntityGroupRespawnChance: 1
    EntityKillBounty: 250000
    EntityLootCountMin: 1
    EntityOverviewShipGroupId: 26
    EntityReactionFactor: 0.5899999737739563
    EntitySecurityMaxGain: 5.0
    EntitySecurityStatusKillBonus: 0.07000000029802322
    Falloff: 12000.0
    GfxBoosterID: 394
    GfxTurretID: 12344
    Hp: 1800.0
    KineticDamage: 8.0
    Mass: 1.12E7
    MaxAttackTargets: 1
    MaxLockedTargets: 1
    MaxRange: 20000.0
    MaxVelocity: 1440.0
    OptimalSigRadius: 125
    PropulsionGraphicID: 394
    Radius: 150.0
    RechargeRate: 1000000.0
    ScanMagnetometricStrength: 17.0
    ScanResolution: 250.0
    ShieldCapacity: 1200.0
    ShieldEmDamageResonance: 0.5199999809265137
    ShieldExplosiveDamageResonance: 0.41999998688697815
    ShieldKineticDamageResonance: 0.7200000286102295
    ShieldRechargeRate: 1000000.0
    ShieldThermalDamageResonance: 0.6200000047683716
    ShieldUniformity: 0.75
    SignatureRadius: 150.0
    Speed: 3500.0
    StructureUniformity: 1.0
    ThermalDamage: 14.0
    TrackingSpeed: 0.023000000044703484
    id: 42140
    mass: 1.12E7
    name: Serpentis Guard
    packagedVolume: 112000.0
    portionSize: 1
    published: false
    volume: 112000.0
