types:
  Serpentis Guard:
    aiignoredronesbelowsignatureradius: 50
    aishoulduseeffectmultiplier: 1
    aishouldusesignatureradius: 1
    aishouldusetargetswitching: 1
    aitankingmodifierdrone: 0.699999988079071
    armoremdamageresonance: 0.5199999809265137
    armorexplosivedamageresonance: 0.41999998688697815
    armorhp: 1500.0
    armorkineticdamageresonance: 0.7200000286102295
    armorthermaldamageresonance: 0.6200000047683716
    armoruniformity: 0.75
    capacitorcapacity: 800.0
    capacity: 480.0
    damagemultiplier: 6.650000095367432
    disallowassistance: 1
    entityarmorrepairamount: 200.0
    entityarmorrepairdelaychance: 0.47999998927116394
    entityarmorrepairdelaychancemedium: 0.47999998927116394
    entityarmorrepairduration: 10000
    entityattackdelaymax: 19800
    entityattackdelaymin: 4950
    entityattackrange: 57500
    entitybracketcolour: 1
    entitychasemaxdelay: 10000
    entitychasemaxdelaychance: 0.10000000149011612
    entitychasemaxdistance: 34500
    entitychasemaxduration: 10000
    entitychasemaxdurationchance: 1.0
    entitycruisespeed: 180.0
    entitydefenderchance: 0.04500000178813934
    entityequipmentmax: 6
    entityequipmentmin: 4
    entityfactionloss: 0.008999999612569809
    entityflyrange: 23000.0
    entitygrouprespawnchance: 1
    entitykillbounty: 250000
    entitylootcountmin: 1
    entityoverviewshipgroupid: 26
    entityreactionfactor: 0.5899999737739563
    entitysecuritymaxgain: 5.0
    entitysecuritystatuskillbonus: 0.07000000029802322
    falloff: 12000.0
    gfxboosterid: 394
    gfxturretid: 12344
    hp: 1800.0
    id: 42140
    kineticdamage: 8.0
    maxattacktargets: 1
    maxlockedtargets: 1
    maxrange: 20000.0
    maxvelocity: 1440.0
    name: Serpentis Guard
    optimalsigradius: 125
    packagedVolume: 112000.0
    portionSize: 1
    propulsiongraphicid: 394
    published: false
    radius: 150.0
    rechargerate: 1000000.0
    scanmagnetometricstrength: 17.0
    scanresolution: 250.0
    shieldcapacity: 1200.0
    shieldemdamageresonance: 0.5199999809265137
    shieldexplosivedamageresonance: 0.41999998688697815
    shieldkineticdamageresonance: 0.7200000286102295
    shieldrechargerate: 1000000.0
    shieldthermaldamageresonance: 0.6200000047683716
    shielduniformity: 0.75
    signatureradius: 150.0
    speed: 3500.0
    structureuniformity: 1.0
    thermaldamage: 14.0
    trackingspeed: 0.023000000044703484
    volume: 112000.0
