items:
  ♦ Sotiyo:
    ArmorDamageLimit: 75000
    ArmorEmDamageResonance: 0.800000011920929
    ArmorExplosiveDamageResonance: 0.800000011920929
    ArmorHP: 72000000
    ArmorKineticDamageResonance: 0.800000011920929
    ArmorThermalDamageResonance: 0.800000011920929
    ArmorUniformity: 1.0
    CapacitorCapacity: 400000.0
    CpuOutput: 50000
    ECMResistance: 9.999999747378752E-6
    EmDamageResonance: 0.800000011920929
    EnergyWarfareResistance: 9.999999747378752E-6
    ExplosiveDamageResonance: 0.800000011920929
    FighterAbilityAntiCapitalMissileResistance: 1
    FighterCapacity: 100000
    FighterLightSlots: 5
    FighterSupportSlots: 3
    FighterTubes: 5
    HeatAttenuationHi: 0.7599999904632568
    HeatAttenuationLow: 0.5
    HeatAttenuationMed: 0.7099999785423279
    HeatCapacityHi: 100
    HeatCapacityLow: 100
    HeatCapacityMed: 100
    HiSlots: 6
    Hp: 72000000
    KineticDamageResonance: 0.800000011920929
    LauncherSlotsLeft: 3
    LowSlots: 3
    MaxLockedTargets: 8
    MaxTargetRange: 350000
    MedSlots: 4
    NpcStructureEnergyWarfareBonus: 1.0
    NpcStructureStasisWebificationBonus: 1.0
    PowerOutput: 4000000
    RechargeRate: 144000.0
    RemoteAssistanceImpedance: 9.999999747378752E-6
    RemoteRepairImpedance: 9.999999747378752E-6
    RigSize: 4
    RigSlots: 3
    ScanGravimetricStrength: 500.0
    ScanLadarStrength: 500.0
    ScanMagnetometricStrength: 500.0
    ScanRadarStrength: 500.0
    ScanResolution: 45
    SensorDampenerResistance: 9.999999747378752E-6
    ServiceSlots: 6
    ShieldCapacity: 72000000
    ShieldDamageLimit: 75000
    ShieldEmDamageResonance: 0.800000011920929
    ShieldExplosiveDamageResonance: 0.800000011920929
    ShieldKineticDamageResonance: 0.800000011920929
    ShieldRechargeRate: 9.99999995904E11
    ShieldThermalDamageResonance: 0.800000011920929
    ShieldUniformity: 1.0
    SignatureRadius: 150000
    StasisWebifierResistance: 9.999999747378752E-6
    StructureDamageLimit: 75000
    StructureServiceRoleBonus: -25
    TargetPainterResistance: 9.999999747378752E-6
    TetheringRange: 10000
    ThermalDamageResonance: 0.800000011920929
    Uniformity: 1.0
    UpgradeCapacity: 400
    UpgradeSlotsLeft: 3
    VulnerabilityRequired: 26
    WeaponDisruptionResistance: 9.999999747378752E-6
    id: 45006
    name: ♦ Sotiyo
    volume: 800000.0
