items:
  OLD M-Set I1 Materials Reclamation II:
    CanFitShipGroup01: 1657.0
    CanFitShipGroup02: 1404.0
    CanFitShipGroup03: 1406.0
    HiSecModifier: 1.0
    Hp: 40.0
    LowSecModifier: 1.059999942779541
    MaxGroupFitted: 1.0
    NullSecModifier: 1.1200000047683716
    RefiningYieldMultiplier: 0.5400000214576721
    RequiredSkill1: 26252.0
    RequiredSkill1Level: 1.0
    RigSize: 2.0
    SecurityModifier: 1.0
    StructureItemVisualFlag: 1.0
    TechLevel: 2.0
    UpgradeCost: 150.0
  OLD M-Set I1 Materials Reclamation I:
    CanFitShipGroup01: 1657.0
    CanFitShipGroup02: 1404.0
    CanFitShipGroup03: 1406.0
    HiSecModifier: 1.0
    Hp: 40.0
    LowSecModifier: 1.059999942779541
    MaxGroupFitted: 1.0
    NullSecModifier: 1.1200000047683716
    RefiningYieldMultiplier: 0.5199999809265137
    RequiredSkill1: 26252.0
    RequiredSkill1Level: 1.0
    RigSize: 2.0
    SecurityModifier: 1.0
    StructureItemVisualFlag: 1.0
    TechLevel: 1.0
    UpgradeCost: 100.0
