types:
  88105:
    asteroidmetalevel: 1
    asteroidradiusgrowthfactor: 0.5
    id: 88105
    marketGroup: 3743
    mass: 6333.0
    name: Tyranite
    orebasictype: 88105
    packagedVolume: 0.6000000238418579
    portionSize: 100
    price: 399926.0
    published: true
    radius: 1.0
    reprocessingskilltype: 60377
    requiredskill1: 3386
    requiredskill1level: 1
    stasiswebifierresistance: 1.0
    volume: 0.6000000238418579
