types:
  Monitor:
    agility: 0.6000000238418579
    armoremdamageresonance: 0.10000000149011612
    armorexplosivedamageresonance: 0.10000000149011612
    armorhp: 9000.0
    armorkineticdamageresonance: 0.10000000149011612
    armorthermaldamageresonance: 0.10000000149011612
    armoruniformity: 0.75
    basewarpspeed: 1
    capacitorcapacity: 5000.0
    cpuoutput: 1
    durationbonus: -50
    ecmresistance: 9.999999747378752E-6
    elitebonusflagcruisers1: -4
    emdamageresonance: 0.6700000166893005
    energywarfareresistance: 0.30000001192092896
    explosivedamageresonance: 0.6700000166893005
    flagcruiserfittingbonuspainterprobes: -99.9000015258789
    flagcruiserfittingbonuspropmods: -99
    fwlpkill: 200
    gfxboosterid: 395
    heatattenuationhi: 1.0
    heatattenuationlow: 1.0
    heatattenuationmed: 0.25
    heatcapacityhi: 100
    heatcapacitylow: 100
    heatcapacitymed: 100
    heatdissipationratehi: 0.009999999776482582
    heatdissipationratelow: 0.009999999776482582
    heatdissipationratemed: 0.009999999776482582
    heatgenerationmultiplier: 0.75
    hislots: 1
    hp: 2000.0
    id: 45534
    kineticdamageresonance: 0.6700000166893005
    maincolor: 16777215
    marketGroup: 2417
    mass: 1.6E7
    maxlockedtargets: 12
    maxtargetrange: 250000.0
    maxvelocity: 220.0
    medslots: 3
    metalevelold: 5
    name: Monitor
    packagedVolume: 10000.0
    portionSize: 1
    poweroutput: 3
    powertospeed: 1
    price: 2.624E8
    propulsiongraphicid: 395
    published: true
    radius: 200.0
    rechargerate: 500000.0
    requiredskill1: 3335
    requiredskill1level: 1
    requiredskill2: 3334
    requiredskill2level: 1
    requiredskill3: 3332
    requiredskill3level: 1
    requiredskill4: 3333
    requiredskill4level: 1
    requiredskill5: 47445
    requiredskill5level: 1
    rigsize: 2
    scangravimetricstrength: 20.0
    scanresolution: 400.0
    scanspeed: 4500
    sensordampenerresistance: 0.30000001192092896
    shieldcapacity: 9000.0
    shieldemdamageresonance: 0.10000000149011612
    shieldexplosivedamageresonance: 0.10000000149011612
    shieldkineticdamageresonance: 0.10000000149011612
    shieldrechargerate: 1.0E7
    shieldthermaldamageresonance: 0.10000000149011612
    shielduniformity: 0.75
    shipbonusac: 5.0
    shipbonuscc: 5
    shipbonusgc: -5.0
    shipbonusmc: -5.0
    signatureradius: 40.0
    specialammoholdcapacity: 25
    specialboosterholdcapacity: 25
    stasiswebifierresistance: 1.0
    structureuniformity: 1.0
    targetpainterrangemodifierflagcruisers: 300
    targetpainterresistance: 0.30000001192092896
    targetpainterstrengthmodifierflagcruisers: -99
    techlevel: 2
    thermaldamageresonance: 0.6700000166893005
    typecolorscheme: 11409
    uniformity: 1.0
    volume: 100000.0
    warpcapacitorneed: 8.12999985555507E-7
    warpspeedmultiplier: 4.5
    weapondisruptionresistance: 1.0
