types:
  2078:
    agility: 1000.0
    armoremdamageresonance: 0.5
    armorexplosivedamageresonance: 0.8999999761581421
    armorhp: 150.0
    armorkineticdamageresonance: 0.6499999761581421
    armorthermaldamageresonance: 0.6499999761581421
    armoruniformity: 0.75
    basewarpspeed: 1
    capacitorcapacity: 250.0
    capacity: 10.0
    emdamageresonance: 0.6700000166893005
    energywarfareresistance: 1.0
    explosivedamageresonance: 0.6700000166893005
    gfxboosterid: 394
    heatcapacityhi: 100
    heatcapacitylow: 100
    heatcapacitymed: 100
    heatdissipationratehi: 0.009999999776482582
    heatdissipationratelow: 0.009999999776482582
    heatdissipationratemed: 0.009999999776482582
    heatgenerationmultiplier: 1.0
    hislots: 1
    hp: 200.0
    id: 2078
    kineticdamageresonance: 0.6700000166893005
    maincolor: 16777215
    marketGroup: 1619
    mass: 5000.0
    maxlockedtargets: 2
    maxpassengers: 1
    maxtargetrange: 35000.0
    maxvelocity: 300.0
    metalevelold: 6
    name: Zephyr
    packagedVolume: 500.0
    portionSize: 1
    powertospeed: 1
    price: 17000.0
    propulsiongraphicid: 394
    published: true
    radius: 60.0
    rechargerate: 375000.0
    requiredskill1: 3327
    requiredskill1level: 1
    scanmagnetometricstrength: 6.0
    scanspeed: 5000
    shieldcapacity: 100.0
    shieldemdamageresonance: 1.0
    shieldexplosivedamageresonance: 0.5
    shieldkineticdamageresonance: 0.6000000238418579
    shieldrechargerate: 260000.0
    shieldthermaldamageresonance: 0.800000011920929
    shielduniformity: 0.5
    signatureradius: 25.0
    stasiswebifierresistance: 1.0
    structureuniformity: 1.0
    techlevel: 1
    thermaldamageresonance: 0.6700000166893005
    typecolorscheme: 11346
    uniformity: 1.0
    upgradecapacity: 1
    volume: 5000.0
    warpcapacitorneed: 4.3126719538122416E-4
    warpspeedmultiplier: 5.0
    weapondisruptionresistance: 1.0
