types:
  Tenebrex Cyno Jammer:
    ArmorDamageLimit: 5000
    ArmorEmDamageResonance: 0.800000011920929
    ArmorExplosiveDamageResonance: 0.800000011920929
    ArmorHP: 1000000.0
    ArmorKineticDamageResonance: 0.800000011920929
    ArmorThermalDamageResonance: 0.800000011920929
    ArmorUniformity: 1.0
    CapacitorCapacity: 200000.0
    CargoDeliveryRange: 10000
    CpuOutput: 10000
    ECMResistance: 9.999999747378752E-6
    EmDamageResonance: 0.800000011920929
    EnergyWarfareResistance: 9.999999747378752E-6
    ExplosiveDamageResonance: 0.800000011920929
    Hackable: 1
    HiddenArmorHPMultiplier: 1
    Hp: 4000000.0
    KineticDamageResonance: 0.800000011920929
    Mass: 3.0E9
    MaximumRangeCap: 300000
    PowerOutput: 20000
    PreFitServiceSlot0: 35914
    Radius: 11000.0
    RechargeRate: 3600000.0
    RemoteAssistanceImpedance: 9.999999747378752E-6
    RemoteRepairImpedance: 9.999999747378752E-6
    ScanGravimetricStrength: 100.0
    ScanLadarStrength: 100.0
    ScanMagnetometricStrength: 100.0
    ScanRadarStrength: 100.0
    ScanResolution: 40.0
    ScanSpeed: 2500
    SensorDampenerResistance: 9.999999747378752E-6
    ServiceSlots: 1
    ShieldCapacity: 1000000.0
    ShieldDamageLimit: 5000
    ShieldEmDamageResonance: 0.800000011920929
    ShieldExplosiveDamageResonance: 0.800000011920929
    ShieldKineticDamageResonance: 0.800000011920929
    ShieldRechargeRate: 9.99999995904E11
    ShieldThermalDamageResonance: 0.800000011920929
    ShieldUniformity: 1.0
    SignatureRadius: 20000.0
    StasisWebifierResistance: 9.999999747378752E-6
    StructureDamageLimit: 5000
    StructureFullPowerStateHitpointMultiplier: 1
    StructureUniformity: 1.0
    TargetPainterResistance: 9.999999747378752E-6
    ThermalDamageResonance: 0.800000011920929
    TierDifficulty: 3
    Uniformity: 1.0
    WeaponDisruptionResistance: 9.999999747378752E-6
    id: 37534
    marketGroup: 2511
    mass: 3.0E9
    name: Tenebrex Cyno Jammer
    packagedVolume: 5000.0
    portionSize: 1
    published: true
    volume: 5000.0
