types:
  Ansiblex Jump Gate:
    ArmorDamageLimit: 5000
    ArmorEmDamageResonance: 0.800000011920929
    ArmorExplosiveDamageResonance: 0.800000011920929
    ArmorHP: 750000.0
    ArmorKineticDamageResonance: 0.800000011920929
    ArmorThermalDamageResonance: 0.800000011920929
    ArmorUniformity: 1.0
    CapacitorCapacity: 200000.0
    CargoDeliveryRange: 10000
    CpuOutput: 10000
    ECMResistance: 9.999999747378752E-6
    EmDamageResonance: 0.800000011920929
    EnergyWarfareResistance: 9.999999747378752E-6
    ExplosiveDamageResonance: 0.800000011920929
    GateMaxJumpMass: 1480000000
    Hackable: 1
    HiddenArmorHPMultiplier: 1
    Hp: 3000000.0
    JumpDriveConsumptionType: 16273
    JumpDriveRange: 5.0
    JumpPortalAdditionalConsumption: 50
    JumpPortalConsumptionMassFactor: 1.500000013088254E-9
    KineticDamageResonance: 0.800000011920929
    Mass: 3.0E9
    MaximumRangeCap: 300000
    PowerOutput: 20000
    PreFitServiceSlot0: 35913
    Radius: 13000.0
    RechargeRate: 3600000.0
    RemoteAssistanceImpedance: 9.999999747378752E-6
    RemoteRepairImpedance: 9.999999747378752E-6
    ScanGravimetricStrength: 100.0
    ScanLadarStrength: 100.0
    ScanMagnetometricStrength: 100.0
    ScanRadarStrength: 100.0
    ScanResolution: 40.0
    ScanSpeed: 2500
    SensorDampenerResistance: 9.999999747378752E-6
    ServiceSlots: 1
    ShieldCapacity: 750000.0
    ShieldDamageLimit: 5000
    ShieldEmDamageResonance: 0.800000011920929
    ShieldExplosiveDamageResonance: 0.800000011920929
    ShieldKineticDamageResonance: 0.800000011920929
    ShieldRechargeRate: 9.99999995904E11
    ShieldThermalDamageResonance: 0.800000011920929
    ShieldUniformity: 1.0
    SignatureRadius: 20000.0
    StasisWebifierResistance: 9.999999747378752E-6
    StructureDamageLimit: 5000
    StructureFullPowerStateHitpointMultiplier: 1
    StructureUniformity: 1.0
    TargetPainterResistance: 9.999999747378752E-6
    ThermalDamageResonance: 0.800000011920929
    TierDifficulty: 3
    Uniformity: 1.0
    WeaponDisruptionResistance: 9.999999747378752E-6
    id: 35841
    marketGroup: 2511
    mass: 3.0E9
    name: Ansiblex Jump Gate
    published: true
    volume: 6000.0
