items:
  Capsule:
    Agility: 2.0
    ArmorEmDamageResonance: 0.4000000059604645
    ArmorExplosiveDamageResonance: 0.8999999761581421
    ArmorHP: 156
    ArmorKineticDamageResonance: 0.75
    ArmorThermalDamageResonance: 0.6499999761581421
    ArmorUniformity: 0.75
    BaseWarpSpeed: 1
    CapacitorCapacity: 125.0
    CpuOutput: 1
    EmDamageResonance: 0.6700000166893005
    ExplosiveDamageResonance: 0.6700000166893005
    GfxBoosterID: 396
    HeatCapacityHi: 100
    HeatCapacityLow: 100
    HeatCapacityMed: 100
    HeatDissipationRateHi: 0.009999999776482582
    HeatDissipationRateLow: 0.009999999776482582
    HeatDissipationRateMed: 0.009999999776482582
    HeatGenerationMultiplier: 1.0
    Hp: 150
    KineticDamageResonance: 0.6700000166893005
    MaxPassengers: 1
    PowerOutput: 1
    PowerToSpeed: 1
    PropulsionGraphicID: 395
    RechargeRate: 187500.0
    ScanLadarStrength: 3.0
    ScanSpeed: 2500
    ShieldCapacity: 63
    ShieldEmDamageResonance: 1.0
    ShieldExplosiveDamageResonance: 0.5
    ShieldKineticDamageResonance: 0.6000000238418579
    ShieldRechargeRate: 625000.0
    ShieldThermalDamageResonance: 0.800000011920929
    ShieldUniformity: 0.75
    SignatureRadius: 25
    StructureUniformity: 1.0
    TechLevel: 1
    ThermalDamageResonance: 0.6700000166893005
    Uniformity: 1.0
    WarpCapacitorNeed: 2.1645000742864795E-6
    WarpSpeedMultiplier: 3.0
  Capsule - Genolution 'Auroral' 197-variant:
    Agility: 2.0
    ArmorEmDamageResonance: 0.4000000059604645
    ArmorExplosiveDamageResonance: 0.8999999761581421
    ArmorHP: 156
    ArmorKineticDamageResonance: 0.75
    ArmorThermalDamageResonance: 0.6499999761581421
    ArmorUniformity: 0.75
    BaseWarpSpeed: 1
    CapacitorCapacity: 125.0
    CpuOutput: 1
    EmDamageResonance: 0.6700000166893005
    ExplosiveDamageResonance: 0.6700000166893005
    GfxBoosterID: 396
    HeatCapacityHi: 100
    HeatCapacityLow: 100
    HeatCapacityMed: 100
    HeatDissipationRateHi: 0.009999999776482582
    HeatDissipationRateLow: 0.009999999776482582
    HeatDissipationRateMed: 0.009999999776482582
    HeatGenerationMultiplier: 1.0
    Hp: 150
    KineticDamageResonance: 0.6700000166893005
    MaxPassengers: 1
    MaxTargetRange: 60000
    MaxVelocity: 150.0
    MetaGroupID: 4
    MetaLevel: 9
    PowerOutput: 1
    PowerToSpeed: 1
    PropulsionGraphicID: 395
    RechargeRate: 187500.0
    ScanLadarStrength: 3.0
    ScanSpeed: 2500
    ShieldCapacity: 63
    ShieldEmDamageResonance: 1.0
    ShieldExplosiveDamageResonance: 0.5
    ShieldKineticDamageResonance: 0.6000000238418579
    ShieldRechargeRate: 625000.0
    ShieldThermalDamageResonance: 0.800000011920929
    ShieldUniformity: 0.75
    SignatureRadius: 25
    StructureUniformity: 1.0
    TechLevel: 1
    ThermalDamageResonance: 0.6700000166893005
    Uniformity: 1.0
    WarpCapacitorNeed: 2.1645000742864795E-6
    WarpSpeedMultiplier: 3.0
