items:
  Monitor:
    Agility: 0.6000000238418579
    ArmorEmDamageResonance: 0.10000000149011612
    ArmorExplosiveDamageResonance: 0.10000000149011612
    ArmorHP: 9000
    ArmorKineticDamageResonance: 0.10000000149011612
    ArmorThermalDamageResonance: 0.10000000149011612
    ArmorUniformity: 0.75
    BaseWarpSpeed: 1
    CapacitorCapacity: 5000.0
    CpuOutput: 1
    DurationBonus: -50
    ECMResistance: 9.999999747378752E-6
    EliteBonusFlagCruisers1: -4
    EmDamageResonance: 0.6700000166893005
    EnergyWarfareResistance: 0.30000001192092896
    ExplosiveDamageResonance: 0.6700000166893005
    FlagCruiserFittingBonusPainterProbes: -99.9000015258789
    FlagCruiserFittingBonusPropMods: -99
    FwLpKill: 200
    GfxBoosterID: 395
    HeatAttenuationHi: 1.0
    HeatAttenuationLow: 1.0
    HeatAttenuationMed: 0.25
    HeatCapacityHi: 100
    HeatCapacityLow: 100
    HeatCapacityMed: 100
    HeatDissipationRateHi: 0.009999999776482582
    HeatDissipationRateLow: 0.009999999776482582
    HeatDissipationRateMed: 0.009999999776482582
    HeatGenerationMultiplier: 0.75
    HiSlots: 1
    Hp: 2000
    KineticDamageResonance: 0.6700000166893005
    MainColor: 16777215
    MaxLockedTargets: 12
    MaxTargetRange: 250000
    MaxVelocity: 220.0
    MedSlots: 3
    MetaLevel: 5
    PowerOutput: 3
    PowerToSpeed: 1
    PropulsionGraphicID: 395
    RechargeRate: 500000.0
    RequiredSkill1: 3335
    RequiredSkill1Level: 1
    RequiredSkill2: 3334
    RequiredSkill2Level: 1
    RequiredSkill3: 3332
    RequiredSkill3Level: 1
    RequiredSkill4: 3333
    RequiredSkill4Level: 1
    RequiredSkill5: 47445
    RequiredSkill5Level: 1
    RigSize: 2
    ScanGravimetricStrength: 20.0
    ScanResolution: 400
    ScanSpeed: 4500
    SensorDampenerResistance: 0.30000001192092896
    ShieldCapacity: 9000
    ShieldEmDamageResonance: 0.10000000149011612
    ShieldExplosiveDamageResonance: 0.10000000149011612
    ShieldKineticDamageResonance: 0.10000000149011612
    ShieldRechargeRate: 1.0E7
    ShieldThermalDamageResonance: 0.10000000149011612
    ShieldUniformity: 0.75
    ShipBonusAC: 5.0
    ShipBonusCC: 5
    ShipBonusGC: -5.0
    ShipBonusMC: -5.0
    SignatureRadius: 40
    SpecialAmmoHoldCapacity: 10
    StructureUniformity: 1.0
    TargetPainterRangeModifierFlagCruisers: 300
    TargetPainterResistance: 0.30000001192092896
    TargetPainterStrengthModifierFlagCruisers: -99
    TechLevel: 2
    ThermalDamageResonance: 0.6700000166893005
    TypeColorScheme: 11409
    Uniformity: 1.0
    WarpCapacitorNeed: 8.12999985555507E-7
    WarpSpeedMultiplier: 3.299999952316284
    id: 45534
    marketGroup: 2417
    name: Monitor
    published: true
    volume: 100000.0
