items:
  Zephyr:
    Agility: 1000.0
    ArmorEmDamageResonance: 0.5
    ArmorExplosiveDamageResonance: 0.8999999761581421
    ArmorHP: 150
    ArmorKineticDamageResonance: 0.6499999761581421
    ArmorThermalDamageResonance: 0.6499999761581421
    ArmorUniformity: 0.75
    BaseWarpSpeed: 1
    CapacitorCapacity: 250.0
    EmDamageResonance: 0.6700000166893005
    ExplosiveDamageResonance: 0.6700000166893005
    GfxBoosterID: 394
    HeatCapacityHi: 100
    HeatCapacityLow: 100
    HeatCapacityMed: 100
    HeatDissipationRateHi: 0.009999999776482582
    HeatDissipationRateLow: 0.009999999776482582
    HeatDissipationRateMed: 0.009999999776482582
    HeatGenerationMultiplier: 1.0
    HiSlots: 1
    Hp: 200
    KineticDamageResonance: 0.6700000166893005
    MainColor: 16777215
    MaxLockedTargets: 2
    MaxPassengers: 1
    MaxTargetRange: 35000
    MaxVelocity: 300.0
    MetaLevel: 6
    PowerToSpeed: 1
    PropulsionGraphicID: 394
    RechargeRate: 375000.0
    RequiredSkill1: 3327
    RequiredSkill1Level: 1
    ScanMagnetometricStrength: 6.0
    ScanSpeed: 5000
    ShieldCapacity: 100
    ShieldEmDamageResonance: 1.0
    ShieldExplosiveDamageResonance: 0.5
    ShieldKineticDamageResonance: 0.6000000238418579
    ShieldRechargeRate: 260000.0
    ShieldThermalDamageResonance: 0.800000011920929
    ShieldUniformity: 0.5
    SignatureRadius: 25
    StructureUniformity: 1.0
    TechLevel: 1
    ThermalDamageResonance: 0.6700000166893005
    TypeColorScheme: 11346
    Uniformity: 1.0
    UpgradeCapacity: 1
    WarpCapacitorNeed: 4.3126719538122416E-4
    WarpSpeedMultiplier: 5.0
    id: 2078
    marketGroup: 1619
    name: Zephyr
    volume: 5000.0
