types:
  85746:
    id: 85746
    marketGroup: 3696
    mass: 1.0
    name: Infomorph Decryption Key
    packagedVolume: 0.10000000149011612
    portionSize: 1
    published: true
    volume: 0.10000000149011612
