types:
  87952:
    id: 87952
    marketGroup: 3737
    mass: 0.10000000149011612
    name: Sleeper Protocol Subverter
    packagedVolume: 0.10000000149011612
    portionSize: 1
    price: 100000.0
    published: true
    volume: 0.10000000149011612
