items:
  ♦ Sotiyo:
    ArmorDamageLimit: 75000.0
    ArmorEmDamageResonance: 0.800000011920929
    ArmorExplosiveDamageResonance: 0.800000011920929
    ArmorHP: 7.2E7
    ArmorKineticDamageResonance: 0.800000011920929
    ArmorThermalDamageResonance: 0.800000011920929
    ArmorUniformity: 1.0
    CapacitorCapacity: 400000.0
    CpuOutput: 50000.0
    ECMResistance: 9.999999747378752E-6
    EmDamageResonance: 0.800000011920929
    EnergyWarfareResistance: 9.999999747378752E-6
    ExplosiveDamageResonance: 0.800000011920929
    FighterAbilityAntiCapitalMissileResistance: 1.0
    FighterCapacity: 100000.0
    FighterLightSlots: 5.0
    FighterSupportSlots: 3.0
    FighterTubes: 5.0
    HeatAttenuationHi: 0.7599999904632568
    HeatAttenuationLow: 0.5
    HeatAttenuationMed: 0.7099999785423279
    HeatCapacityHi: 100.0
    HeatCapacityLow: 100.0
    HeatCapacityMed: 100.0
    HiSlots: 6.0
    Hp: 7.2E7
    KineticDamageResonance: 0.800000011920929
    LauncherSlotsLeft: 3.0
    LowSlots: 3.0
    MaxLockedTargets: 8.0
    MaxTargetRange: 350000.0
    MedSlots: 4.0
    NpcStructureEnergyWarfareBonus: 1.0
    NpcStructureStasisWebificationBonus: 1.0
    PowerOutput: 4000000.0
    RechargeRate: 144000.0
    RemoteAssistanceImpedance: 9.999999747378752E-6
    RemoteRepairImpedance: 9.999999747378752E-6
    RigSize: 4.0
    RigSlots: 3.0
    ScanGravimetricStrength: 500.0
    ScanLadarStrength: 500.0
    ScanMagnetometricStrength: 500.0
    ScanRadarStrength: 500.0
    ScanResolution: 45.0
    SensorDampenerResistance: 9.999999747378752E-6
    ServiceSlots: 6.0
    ShieldCapacity: 7.2E7
    ShieldDamageLimit: 75000.0
    ShieldEmDamageResonance: 0.800000011920929
    ShieldExplosiveDamageResonance: 0.800000011920929
    ShieldKineticDamageResonance: 0.800000011920929
    ShieldRechargeRate: 9.99999995904E11
    ShieldThermalDamageResonance: 0.800000011920929
    ShieldUniformity: 1.0
    SignatureRadius: 150000.0
    StasisWebifierResistance: 9.999999747378752E-6
    StructureDamageLimit: 75000.0
    StructureServiceRoleBonus: -25.0
    TargetPainterResistance: 9.999999747378752E-6
    TetheringRange: 10000.0
    ThermalDamageResonance: 0.800000011920929
    Uniformity: 1.0
    UpgradeCapacity: 400.0
    UpgradeSlotsLeft: 3.0
    VulnerabilityRequired: 26.0
    WeaponDisruptionResistance: 9.999999747378752E-6
