types:
  34132:
    id: 34132
    marketGroup: 1942
    name: Pilot's Body Resculpt Certificate
    packagedVolume: 0.009999999776482582
    portionSize: 1
    published: true
    volume: 0.009999999776482582
  34133:
    id: 34133
    marketGroup: 1942
    name: Multiple Pilot Training Certificate
    packagedVolume: 0.009999999776482582
    portionSize: 1
    published: true
    volume: 0.009999999776482582
  40519:
    id: 40519
    marketGroup: 2358
    name: Skill Extractor
    packagedVolume: 0.009999999776482582
    portionSize: 1
    published: true
    volume: 0.009999999776482582
