types:
  Link:
    Capacity: 1000.0
    CpuLoad: 15
    CpuLoadLevelModifier: 1.399999976158142
    CpuLoadPerKm: 0.20000000298023224
    LogisticalCapacity: 1250
    PowerLoad: 10
    PowerLoadLevelModifier: 1.2000000476837158
    PowerLoadPerKm: 0.15000000596046448
    Radius: 1.0
    id: 2280
    name: Link
    published: true
