types:
  Crystalline Isogen-10:
    id: 47975
    marketGroup: 2479
    name: Crystalline Isogen-10
    packagedVolume: 0.30000001192092896
    portionSize: 1
    price: 32768.0
    published: true
    volume: 0.30000001192092896
  Zero-Point Condensate:
    id: 48112
    marketGroup: 2479
    name: Zero-Point Condensate
    packagedVolume: 0.20000000298023224
    portionSize: 1
    price: 100000.0
    published: true
    volume: 0.20000000298023224
