types:
  2280:
    capacity: 1000.0
    cpuload: 15
    cpuloadlevelmodifier: 1.399999976158142
    cpuloadperkm: 0.20000000298023224
    id: 2280
    logisticalcapacity: 1250
    name: Link
    portionSize: 1
    powerload: 10
    powerloadlevelmodifier: 1.2000000476837158
    powerloadperkm: 0.15000000596046448
    published: true
    radius: 1.0
