types:
  28668:
    hp: 1.0
    id: 28668
    marketGroup: 1103
    mass: 2500.0
    name: Nanite Repair Paste
    packagedVolume: 0.009999999776482582
    portionSize: 10
    price: 6500.0
    published: true
    radius: 1.0
    volume: 0.009999999776482582
