types:
  42838:
    id: 42838
    launchergroup: 1770
    marketGroup: 2302
    mass: 0.009999999776482582
    name: Evasive Maneuvers Charge
    packagedVolume: 0.009999999776482582
    portionSize: 500
    price: 1000.0
    published: true
    radius: 1.0
    requiredskill1: 3349
    requiredskill1level: 1
    requiredskill2: 3348
    requiredskill2level: 1
    volume: 0.009999999776482582
    warfarebuff1id: 20
    warfarebuff1multiplier: -6
    warfarebuff2id: 60
    warfarebuff2multiplier: -6
  42839:
    id: 42839
    launchergroup: 1770
    marketGroup: 2302
    mass: 0.009999999776482582
    name: Interdiction Maneuvers Charge
    packagedVolume: 0.009999999776482582
    portionSize: 500
    price: 1000.0
    published: true
    radius: 1.0
    requiredskill1: 3349
    requiredskill1level: 1
    requiredskill2: 3348
    requiredskill2level: 1
    volume: 0.009999999776482582
    warfarebuff1id: 21
    warfarebuff1multiplier: 12
  42840:
    id: 42840
    launchergroup: 1770
    marketGroup: 2302
    mass: 0.009999999776482582
    name: Rapid Deployment Charge
    packagedVolume: 0.009999999776482582
    portionSize: 500
    price: 1000.0
    published: true
    radius: 1.0
    requiredskill1: 3349
    requiredskill1level: 1
    requiredskill2: 3348
    requiredskill2level: 1
    volume: 0.009999999776482582
    warfarebuff1id: 22
    warfarebuff1multiplier: 12
