types:
  4255:
    id: 4255
    industryblueprintrank: 7.800000190734863
    name: Micro Auxiliary Power Core II Blueprint
    packagedVolume: 0.009999999776482582
    portionSize: 1
    price: 1500000.0
    published: true
    radius: 1.0
    techlevel: 2
    volume: 0.009999999776482582
  11564:
    id: 11564
    industryblueprintrank: 3.0
    marketGroup: 1559
    name: Micro Auxiliary Power Core I Blueprint
    packagedVolume: 0.009999999776482582
    portionSize: 1
    price: 1500000.0
    published: true
    radius: 1.0
    techlevel: 1
    volume: 0.009999999776482582
