types:
  1210:
    id: 1210
    industryblueprintrank: 6.0
    marketGroup: 1568
    name: Burst Jammer I Blueprint
    packagedVolume: 0.009999999776482582
    portionSize: 1
    price: 416640.0
    published: true
    radius: 1.0
    techlevel: 1
    volume: 0.009999999776482582
  2118:
    id: 2118
    industryblueprintrank: 15.600000381469727
    name: Burst Jammer II Blueprint
    packagedVolume: 0.009999999776482582
    portionSize: 1
    price: 1.0E10
    published: true
    radius: 1.0
    techlevel: 2
    volume: 0.009999999776482582
  20582:
    id: 20582
    industryblueprintrank: 6.0
    name: '''Ghost'' Burst Jammer Blueprint'
    packagedVolume: 0.009999999776482582
    portionSize: 1
    published: true
    radius: 1.0
    techlevel: 1
    volume: 0.009999999776482582
