types:
  60338:
    id: 60338
    industryblueprintrank: 7.0
    marketGroup: 338
    name: Gas Cloud Harvester I Blueprint
    packagedVolume: 0.009999999776482582
    portionSize: 1
    price: 3.0E7
    published: true
    radius: 1.0
    techlevel: 1
    volume: 0.009999999776482582
  60339:
    id: 60339
    industryblueprintrank: 18.200000762939453
    name: Gas Cloud Harvester II Blueprint
    packagedVolume: 0.009999999776482582
    portionSize: 1
    price: 1.0E10
    published: true
    radius: 1.0
    techlevel: 2
    volume: 0.009999999776482582
