types:
  28607:
    id: 28607
    industryblueprintrank: 200.0
    industryjobcostmultiplier: 1
    marketGroup: 2334
    name: Orca Blueprint
    packagedVolume: 0.009999999776482582
    portionSize: 1
    price: 9.0E8
    published: true
    radius: 1.0
    volume: 0.009999999776482582
  43910:
    id: 43910
    industryjobcostmultiplier: 1
    marketGroup: 2334
    name: Porpoise Blueprint
    packagedVolume: 0.009999999776482582
    portionSize: 1
    price: 6.0E8
    published: true
    volume: 0.009999999776482582
