types:
  35772:
    id: 35772
    marketGroup: 343
    name: Missile Guidance Enhancer I Blueprint
    packagedVolume: 0.009999999776482582
    portionSize: 1
    price: 144000.0
    published: true
    techlevel: 1
    volume: 0.009999999776482582
  35773:
    id: 35773
    name: Missile Guidance Enhancer II Blueprint
    packagedVolume: 0.009999999776482582
    portionSize: 1
    published: true
    radius: 1.0
    techlevel: 2
    volume: 0.009999999776482582
