types:
  33177:
    id: 33177
    industryblueprintrank: 6.0
    marketGroup: 1707
    name: Scan Acquisition Array I Blueprint
    packagedVolume: 0.009999999776482582
    portionSize: 1
    price: 600000.0
    published: true
    radius: 1.0
    techlevel: 1
    volume: 0.009999999776482582
  33198:
    id: 33198
    industryblueprintrank: 15.600000381469727
    name: Scan Acquisition Array II Blueprint
    packagedVolume: 0.009999999776482582
    portionSize: 1
    price: 600000.0
    published: true
    radius: 1.0
    techlevel: 2
    volume: 0.009999999776482582
  87327:
    id: 87327
    industryblueprintrank: 6.0
    name: Navy Scan Acquisition Array Blueprint
    packagedVolume: 0.009999999776482582
    portionSize: 1
    price: 600000.0
    published: true
    radius: 1.0
    techlevel: 1
    volume: 0.009999999776482582
