types:
  2735:
    id: 2735
    industryblueprintrank: 400.0
    marketGroup: 1356
    name: Sovereignty Hub Blueprint
    packagedVolume: 0.009999999776482582
    portionSize: 1
    price: 5.75E8
    published: true
    radius: 1.0
    volume: 0.009999999776482582
  81086:
    id: 81086
    marketGroup: 3651
    name: Orbital Skyhook Blueprint
    packagedVolume: 0.009999999776482582
    portionSize: 1
    price: 5.500000256E9
    published: true
    volume: 0.009999999776482582
