types:
  33067:
    id: 33067
    industryblueprintrank: 1.0
    marketGroup: 1664
    name: Deactivated Station Key Pass Blueprint
    packagedVolume: 0.009999999776482582
    portionSize: 1
    published: true
    radius: 1.0
    volume: 0.009999999776482582
