types:
  63196:
    id: 63196
    industryblueprintrank: 3.0
    marketGroup: 2821
    name: Standup Flak Round Blueprint
    packagedVolume: 0.009999999776482582
    portionSize: 1
    price: 5000000.0
    published: true
    radius: 1.0
    volume: 0.009999999776482582
